formula,target
TiAl,0.0
La3NiBr3,0.0
Li7Ti5O12,0.0
MgSc,0.0
LaCu6,0.0
KTa3CuO9,0.0
Na11Bi5O16,0.0
Ba2InAgS4,2.32
CsSmHgSe3,2.37
Dy3GaS6,2.81
ScCdHg2,0.0
SmNiAs,0.0
Ho3AlC,0.0
Ga1.01Sb0.99Te0.03,0.68
Cr2NiS4,0.0
POsSe,1.4
NaCdAsS3,2.93
In0.9Ga0.1As0.1P0.9,1.32
SiBi3O7,0.0
Lu2InHg,0.0
TeMoSe,0.0
BaBClF4,6.89
LiNiP2O7,0.0
LiGeRh2,0.0
Ba3CrS5,0.0
Gd2Mn4S7,1.44
K4GeS4,0.8
Zr3Ir,0.0
Y(SiPt)2,0.0
Te0.4Se0.6,1.2
Li2CdGeS4,3.1
Ho(SiPt)2,0.0
Al7(CN)3,0.0
Nb3Ru,0.0
Ce2Sb,0.0
As2Os,0.9
Be22Re,0.0
Zn0.9Hg0.1Te1,1.74
Cs2DyCu3Te4,1.38
Fe3N,0.0
LiIn2Rh,0.0
Y2C3,0.0
LuScZn2,0.0
In1Sb0.8As0.2,0.21
Rb9Bi13S24,1.3
Th2CrN3,0.0
Ba8Al10B12O41,3.1
Ga1.02Sb0.98Se0.06,0.63
Ca(BiO2)2,3.08
KRuO4,0.0
Ce(SiPd)2,0.0
K2Th(CuS2)2,2.17
Th(Al5Fe)2,0.0
Pt3Pb,0.0
MnCdO2,0.0
Ba3Nb2Se9,1.3
Mn2Cu(PO4)3,0.0
Ba2NaCu3S5,0.45
Li6Mn5FeO12,0.0
K2PdSe10,1.48
CsGeI3,1.6
K3Nb2AsSe11,1.53
Na2Pt(IO3)6,2.4
ZnWO2,0.0
MgSbF6,0.0
Al2CoIr,0.0
Co5RuO8,0.0
BiPbClO2,2.45
Zn4.5Ga1Sn0.5O7,3.0
LiFe2(SiO4)2,0.0
K2In3CuSe6,1.68
Hg3Sb,0.0
Ba2CuWO6,0.0
Ba2TaInO6,4.17
Ba3ErRu2O9,0.0
Y3Tm,0.0
RbSc(SeO3)2,4.9
In0.5Ga0.5P1,1.9
Sm(CuO2)2,0.0
Sm2RuAu,0.0
NdSn2,0.0
Pr(CoAs)2,0.0
Pr2Se3,1.8
K2S,2.1
Y(CuTe)3,0.72
BaUSe3,1.0
MnTe9,2.0
PrO,0.55
CuPtO2,0.0
Nb2Tl3CuSe12,0.8
CaGe2,0.0
CaCdPd2,0.0
TbPt,0.0
Tl2CdTe4,0.0
Eu(DySe2)2,1.8
Bi2Te2SO10,3.6
RhSe3,0.7
Cu2PHO5,0.0
Zr1.33Ta0.67N2.61O0.42,1.93
TlFeI3,0.0
RbF,10.4
YVTeO10,2.2
GdSe2,0.0
HoB4,0.0
Pd3(PbS)2,0.0
Hf2MnIr,0.0
KNbSe2O7,4.0
CsLu7Se11,1.78
LiBiS2,0.11
Nd2Ge5Rh3,0.0
Yb5Au4,0.0
CsYCdSe3,2.54
Sr5Bi3,0.0
Li2PtO3,2.3
NiO,4.0
Hf2Fe,0.0
Sn1Se0.75S0.25,0.94
Al9Ir2,0.0
Sn0.1Te1Pb0.9,0.16
Ag2BiO3,0.0
LiIn(IO3)4,4.27
SmB6,3.5
ZrC,0.6
Nd4Mg3Co2,0.0
SmP,1.09
Sm2In,0.0
LiZnBO3,3.1
Ca5Au2,0.0
CdAg2GeS4,2.32
SmHoZn2,0.0
CeMgZn2,0.0
ZrAlRu2,0.0
Cs39Ga53(Se16Cl)6,2.74
NaHg,0.0
Sr2MgIrO6,0.0
HgCl2,4.45
Cd0.99Ga0.01Sb0.01Te0.99,1.35
Cs2P2PdSe6,1.6
Ga0.01Te1Pb0.99,0.42
VGa(TeO4)2,3.0
CsCd4Ga5S12,3.09
NaNb2PS10,1.72
Sc8Te3,0.0
NaIn3Se5,2.17
Ca(SiPd)2,0.0
Bi0.4Sb1.6Te3,0.21
Li4V5Cu3O16,0.0
SrMgIn3,0.0
CeSi2Ni,0.0
BaTh3,0.0
MnP4,0.28
Zn3Cu,0.0
GaTc2W,0.0
CsWCl6,0.0
K2Zn(SnSe3)2,1.71
CdAg,0.0
Gd3Co11B4,0.0
BaAl2,0.0
Ge0.15Pb0.85Se0.85S0.15,0.34
Cs4Zr3S14,2.35
CsLu7S11,1.86
Er2Se3,1.66
K3Ti2P5S18,1.61
Y3GaS6,2.88
CsCdBO3,2.58
LuAlAg2,0.0
RbHgSbTe3,0.2
Cu0.96Bi2Se3I1,0.68
AlCu7O12,0.0
Ba2ZnTe3,2.1
LiSn4Ir,0.0
Nd4InSbSe9,1.57
In0.3Ga0.7As0.7P0.3,1.67
CsLiCO3,6.19
Rb2NaNiF6,0.0
AgAsSe2,1.4
MgSnRh2,0.0
Nd2S3,2.65
Ce4InSbSe9,1.69
Rb3Na(MoO4)2,4.84
KCu4AsS4,1.9
Li2TeMoO6,3.5
Yb(SiRh)2,0.0
LiPm2Ga,0.0
Sm3OsO7,0.0
Mg3AsN,1.33
ZrSi2,0.0
SmMgHg2,0.0
SrS,4.76
YAlGe,0.0
Ce5CuSe8,0.0
Bi2Te0.1Se2.9,0.78
Y4GaSbS9,2.06
ErAgSn,0.0
Cu0.5Ge1Pb1.75S4,1.48
Ho2S3,0.5
Sm4In21Pd10,0.0
Nd5Ge4,0.0
Na2In2SiS6,3.27
Mo3Pd2N,0.0
DyMn2,0.0
K4Ge(PSe3)4,2.0
Nd4Ge3Rh4,0.0
Sr(PrS2)2,2.7
Rb3Bi2Br9,2.62
Cr2GeC,0.0
Sc2TlTc,0.0
Sm2Se3,2.3
LiMnP2O7,0.0
V2Bi4O11,2.0
VZnRu2,0.0
GaAgGeS4,3.0
Zn0.99Ga0.01Sb0.01Te0.99,2.1
MnAs,0.0
U3Cu2Se7,0.0
PrCuSO,3.03
Li2SnHgS4,2.32
As2O3,4.0
HgRhO3,0.0
Li3Ni3(PO4)4,0.0
Tm2MgTl,0.0
Zn3(PS4)2,3.07
CuSbS2,1.38
CsZn2B3O7,5.69
YbZnAu2,0.0
SbRh3,0.0
NbCuO3,2.0
MnFeCoGe,0.0
CsYbMnSe3,1.59
Sm3Zr,0.0
Eu(AsPd)2,0.0
Ba2YGaTe5,1.08
SmCo3B2,0.0
Ce4FeSe6O,0.0
Cs2PdSe8,1.5
LiAlB4,0.0
Ba2YReO6,0.0
Rb2BaNb2Se11,1.53
Li4Mn5NbO12,0.0
P2Se5,2.2
Dy2O3,5.0
Fe4Si2Sn7O16,0.0
PH6NO4,6.8
Ce4(GeS4)3,2.3
Ga2NiS4,0.0
GaFeNi2,0.0
InAu3,0.0
Si2NiP3,0.0
Li4Ti5Cr3O16,0.0
SmCuSe2,2.1
Ni23B6,0.0
Ce3In3Ru2,0.0
SiP,2.0
YVSeO10,2.7
CsLi(B3O5)2,6.89
Na3WClO4,4.99
Sn1Se0.6S0.4,0.98
CsInHgS3,2.3
LiTm2Rh,0.0
Ga1As0.99P0.01,1.37
Dy(CuSe)3,0.2
Gd6Ta4Al43,0.0
Mg2RhAu,0.0
Al(Ni10B7)2,0.0
YbSnTe2,0.75
PSe,2.5
EuGe3Pt,0.0
UPt3,0.0
InBi2Se4Br,1.21
Co1Te1.88,0.2
TmAlCu,0.0
TlN,1.4
TeO2,3.0
Dy4GaSbS9,2.58
Tl3Si,0.0
Cu23(Sb4S13)2,0.0
In0.01Te1Pb0.99,0.53
Cd0.204Hg0.796Te1,0.06
Dy4CdRh,0.0
Cu15Si4,0.0
Zn0.7Ga0.3As0.3Se0.7,1.93
Sn3As2,0.47
Na9(WO3)16,0.0
Tb(FeP3)4,0.0
Y(CrSi)2,0.0
Bi1.98Sb0.02Te3,0.14
RbCu(SbS2)2,1.6
La3(ReO5)2,0.0
ReBiO3,0.0
LiMgAs,0.7
KCuSnSe3,1.04
MgCuSn,0.0
Yb(GaSe2)2,1.8
LiY2Ru,0.0
GaTc,1.42
Sb2Te,0.0
Dy2CdPd2,0.0
RbPSe6,2.18
CaMnSn,0.0
TiO2,3.3
LiLa2IrO6,0.0
ZnCu2GeSe4,1.63
PW5O17,0.0
PmHgAu2,0.0
La16Mn15O48,0.0
Ni4(PO4)3,0.0
IrSeS,1.2
ZrPd3,0.0
NaCuO,0.0
TiBi25O39,3.1
Sr2Cu(ClO)2,0.0
V3Cd4(TeO5)3,2.66
U(BH4)4,0.0
Ni(PO3)4,0.0
NdNiC2,0.0
Ba4InCuSe6,2.23
Ba(ZnAs)2,0.23
NdAgAs2,0.0
Lu(SiOs)2,0.0
LiLu2Tc,0.0
Ce4Bi3,0.0
CuCN2,0.0
MgF2,11.1
CaZnSO,3.7
Al(NiS2)2,0.0
Rb28(Mg3In17)3,0.0
TaNiB2,0.0
Rb4Ge3B6O17,5.42
LaH2,0.0
Cu4As2O9,0.0
PtSe2,0.1
Ge0.05Te1Pb0.95,0.34
ZrAlW,0.0
TmAu2,0.0
B4H2Pb6O13,3.24
Na2Se,2.0
Yb2MgS4,0.0
CoN,0.0
HfNi5,0.0
Ca2ScSbO6,3.68
Tl2Hg3S4,2.05
Cu7Hg6,0.0
HfB,0.0
Si0.2Ge0.8,0.86
Ba3YIr2O9,0.0
Li4WO5,0.0
Gd(SiRu)2,0.0
In2Se2O7,2.97
Cs2Cd3Te4,2.48
SrZnSO,3.1
HgBr2,3.59
AsSI,2.05
Al0.01Cd0.99Sb0.01Te0.99,1.6
ScZnPt2,0.0
Li7(NiO2)11,0.0
Ce4Si3Rh4,0.0
Ce2ZnNi2,0.0
NbRu2Cl,0.0
Bi2Te1.2Se1.8,0.28
CsAgSb4S7,2.04
Li5(BiO3)4,0.0
Ba4Sb3S8Cl,2.09
Li2TlAg,0.0
LiAgF3,0.0
CeBiW2O9,2.34
Eu7(Ga3Sb4)2,0.6
Li2Fe3NiO8,0.0
La(SiRu)2,0.0
Cd12Ge17(B4O29)2,4.29
ZrGaPt,0.0
Nd(PRu)2,0.0
KAu(IO3)4,2.75
Ho(SbO3)2,0.0
LiTiSiO4,0.0
CuF,0.0
Ti2Be17,0.0
AsPPd,0.45
Al21Pt8,0.0
In0.4Ga1.6Cu1S3.5,2.15
NiN,0.0
Ca(CoGe)2,0.0
AsPd3Pb2,0.0
MgIn3,0.0
YbCuSi,0.0
LiMn2(PO4)2,0.0
Zn3.5Ga1Sn0.5O6,2.99
ZnSiP2,2.07
RbCaBO3,3.67
Dy7In(CoGe3)4,0.0
CuClO2,0.0
Ni2Mo4C,0.0
Sn2S,0.85
Ba2DyCu3O7,0.0
Gd2Zn17,0.0
K2PAuS4,2.63
Tm(SiOs)2,0.0
Li3PS4,3.68
SbPb2S2I3,2.0
Li8PO3,0.0
KV6O11,0.0
Li2PrIn,0.0
Eu2SnSe5,1.07
Mn2VSi,0.0
PrAl3Ni2,0.0
Ba2SmGaTe5,1.04
Ti2C,0.0
RbVP2S7,0.0
Zr5Sb3,0.0
Na5Gd(MoO4)4,3.38
Zn(CoO2)2,0.0
YAgO3,0.0
Mo5O14,0.0
Ca2GeN2,0.0
BaAgSbS3,2.2
SmAg,0.0
LiHf2Ir,0.0
HoMgZn2,0.0
Ba3CaIr2O9,0.0
SnHgO3,1.6
Zn0.4Hg0.6Se1,0.42
BaZnSiSe4,2.71
La3GaCuSe7,1.36
KPSe6,2.16
Mg2Ga,0.0
CrNi3,0.0
Al3Tc,0.0
CaPd3C,0.0
Fe2O3,2.2
RbHg3,0.0
Ge(Bi3O5)4,3.25
YErRh2,0.0
Li3Fe(SbO3)4,0.0
Cd4Sb2I3,1.83
HgBrCl,3.4
Nb2Cr4Si5,0.0
MnSbPd,0.0
In0.01Ga0.99As1,1.4
VNi2,0.0
Zn0.01Ga0.99Sb0.99Te0.01,0.72
Ni7(P2O7)4,0.0
KCeSe4,1.54
V3Pt,0.0
CsInS2,3.4
TbTl,0.0
CsIn(SnSe3)2,1.78
Mn3Al10,0.0
Mn2AlB2,0.0
Cs2ZnGe3S8,3.33
Ho(CuO2)2,0.0
Sm2(SnSe3)3,0.7
Te2W2SeS,0.0
CdSb4MoO10,3.4
Sr3Sb2,0.0
NaSb,0.82
Pr2HgPb,0.0
In1.1Cu0.9Se2.1,1.06
CeAlSi2,0.0
CsNbSe2O7,4.2
AsP,0.23
V3Re,0.0
Bi12PO20,3.25
TiTlPS5,1.3
Ba2ScIrO6,0.0
Te0.05Pb1Se0.95,0.26
LaP,0.54
Eu2C(NO)2,0.0
SnSe2,1.62
Yb3Al5O12,0.0
Mn3Cr3(TeO8)2,0.0
ErNiSn,0.0
SnSb3(PO4)4,0.0
InSn2As2Se,0.2
Pt3PbC,0.0
K8Ce2I18O53,2.34
Mg2Si,2.27
Bi1.6Sb0.4Te3,0.16
Na2Ga2GeS6,3.29
BiSe,0.4
CdO,2.3
La2Ge5Rh3,0.0
In3Pd5,0.0
Co2Te3O8,3.6
YbPO4,0.0
Cu9O13,0.0
Cd4P2I3,2.17
BAs,1.45
Ca2Os2O7,0.0
Li5Fe2Ni3O10,0.0
Ca(AgGe)2,0.0
Ga1.05Sb0.95Se0.15,0.66
LuAu,0.0
BaTl3,0.0
InCuGeSe4,1.3
TlBiTe3,0.5
PmMgCd2,0.0
HoMg2,0.0
Nd2Se3,1.7
CsTa3(SeO6)2,3.88
LaCd2,0.0
Ga1.02Sb0.98Te0.06,0.68
Mg23Al30,0.0
In0.8Ga0.2As1,0.5
Ca2Co9O13,0.0
CoAsRh,0.0
TlNi,0.0
PrCd,0.0
BaTaNO2,1.78
Ce15B8N25,3.5
Ti2CoGe,0.0
LiGd5P2O13,3.73
Dy2(GePt3)3,0.0
Cu2GeS3,0.53
ErAl9(Fe2Si3)2,0.0
Cd0.9Hg0.1Se1,0.35
VBi24O41,3.25
GdNiO3,0.0
LuUO3,0.0
Cr2HO4,0.0
Bi4Pb7Se13,0.29
Na0.75Eu1.625Ge1Se4,2.0
ScHg,0.24
Te2Mo3Se4,0.0
Mn3(OF3)2,0.0
Dy2TlCd,0.0
U2AlCo3,0.0
Ba2CeInTe5,1.35
Ba2B6H4O13,6.53
Y2S3,2.9
ThPd3,0.0
Ba(GaSe2)2,3.16
Nb2Pb2Se4O15,2.79
Ba3Ta2Se9,1.6
TmMgAg2,0.0
LaIn5Ir,0.0
Cd(GaS2)2,3.4
Mg5As,0.0
GdO2,0.0
Si0.6Ge0.4,0.94
Tb4Al2O9,4.59
Cr(FeSe2)2,0.0
Pr(BiO3)2,0.0
Dy(Al2Cu)4,0.0
CsMnSb,0.0
RbAg2TeS6,2.04
Zn0.65Hg0.35Se1,1.0
ZnCu2GeS4,2.1
Sc6Te2Os,0.0
RbInTe3O8,3.9
PrTaN2O,2.0
NiGePt2,0.0
SrPb3,0.0
MgInPd2,0.0
RbNa2NiO2,0.0
Dy4Sb3,0.0
Sc3BPb,0.0
Ho(BiO3)2,0.0
Er2Mg3Ru,0.0
Li2Ni3TeO8,0.0
Tb(Al2Fe)4,0.0
Te2Pd3Pb2,0.0
Ga2SiPbSe6,2.17
Bi2Te0.4Se2.6,0.7
GaSiRu2,0.0
NdPt,0.0
Dy3Al0.5Si1S7,2.22
Rb2Cu2Sb2S5,1.6
Ga1Sb0.25As0.75,0.65
EuSbO3,0.0
Ba6In2NF,0.0
AgTe2As,0.8
BaS,3.88
Mg(As2Rh3)2,0.0
HgPt3,0.0
K2Mn3S4,0.0
CdF2,6.0
Hf6PbO18,0.0
Sr2SmTaO6,3.38
Y(Al2Cu)4,0.0
MnIn2PbS5,1.45
Ba2Ga8SiS16,3.4
Sc2CuRu,0.0
Zr3NiO,0.0
BaNa2SnS4,3.27
Th(MnGe)2,0.0
BiBrO,2.92
Li14Ti21O48,0.0
BaZn5,0.0
Sc(CuSe)3,0.3
Ba3PN,0.0
SmSnTe2,0.52
CaPrZn2,0.0
Zr6Al2CoH10,0.0
Tl0.07Te1Pb0.93,0.54
Ba2SnSe5,1.8
EuClO,0.0
Ga2CuSe4,0.63
Ba2YInTe5,1.36
La2Sn5Rh3,0.0
Tb2GeS5,2.1
ZnCu2SnTe4,1.39
BePd2,0.0
U2Al3C4,0.0
TiFe2,0.0
Ba(AsPd)2,0.0
Eu2PBr,0.0
EuAlO3,0.0
Li5Mn5(SbO6)2,0.0
BaYb2O4,0.0
Eu3S4,1.7
NaInSnS4,2.4
CdI2,3.8
Na3Tl,0.0
Cu3(P2O7)2,0.0
Zr2Te,0.0
LuScRu2,0.0
Li3Mn3WO8,0.0
EuAgSb,0.0
InPt,0.0
Co3Se4,0.0
SrZr2Nb,0.0
Bi2Te2.4Se0.6,0.25
V2GaSn2,0.0
Sm2AgRu,0.0
TmTl,0.0
V2Pb4(Se2O7)3,3.37
ScTlS2,1.51
Gd3ReO7,0.0
Ti5(B6O13)2,0.0
Yb8Ge3Sb5,0.0
Ti20(Sb3Se)3,0.0
Sb2PbSe4,1.8
Tl4In3GaS8,2.63
CsNb6I11,0.0
Ba(BRh)2,0.0
Ho3P,0.0
Bi24BO39,2.91
Ge2Os,0.0
Li2LaTl,0.0
Zr6Sb2Pt,0.0
Sb2I2F11,0.0
Ga2PbSe4,1.83
Nb(Cl2O)2,0.0
Lu2TlAg,0.0
CsInTe3O8,3.9
LaZnAsO,1.5
Ba2GaAsSe5,1.39
NaBiSe2,0.28
Rb2TeBr6,2.14
Ba3MgTa2O9,4.28
Ga1Sb0.01As0.99,0.7
ZnSi(AgS2)2,3.28
KV4Ag11O16,2.0
Cs2Hg3S4,2.8
GaHSeO4,5.51
Eu3P2,1.2
Ga2Cu1S3.5,2.42
MnCu3,0.0
BiO,0.0
Cu9Se4(Cl3O7)2,0.0
Ta11(CuO6)5,2.58
BaCuTeF,2.3
SiTe2Os,0.0
Rb2FeI4,0.0
Ca10Ge16(B2O17)3,5.47
Tb(Ni2P)2,0.0
YbB2Rh3,0.0
Ta5N6,0.0
MgCu2SiS4,3.2
NaCdO3,0.0
Cd3In2(Te2S)2,1.23
CrB2(PbO2)6,1.8
Ce3SiPt5,0.0
Gd(CuS)3,1.62
EuBi3,0.0
Yb(CuS)3,1.56
LiYbPb,0.0
Na2Hg3(GeS4)2,2.68
GaFe3,0.0
HoCd,0.0
Al0.6Ga0.4As1,2.3
CsMn4Ga5Te12,1.55
Eu2CuO4,0.0
Cd1Se0.65S0.35,1.93
Cs3Nb9(TeO8)4,3.22
LiCa2Mg,0.0
ScZnNi2,0.0
In0.4Ga0.6P1,2.05
TiZn3,0.0
USbSe,0.0
Na2Ti2Sb2O,0.0
ErCu,0.0
K6Ta1.03Nb2.97S25,2.01
BH(PbO2)2,3.76
Mn15Si26,0.7
ReO3,2.3
Li2(LuGe)3,0.0
YbIn4Rh,0.0
Te0.6Se0.4,0.7
CeSiI,0.0
Sm4U4O17,0.0
In0.2Ga0.8As0.2P0.8,2.15
Cs3Bi2I9,1.8
SnCl2,3.9
NdTiGe,0.0
TbSnAu,0.0
SmTmZn2,0.0
TlPS2,1.6
U2TeN2,0.0
In0.5Ga0.5As1,0.75
HfSe2,2.2
Th(FeSi)2,0.0
Ti2MnFe,0.0
Cu2HgGeSe4,0.0
LaTb3,0.0
KV2I3O13,2.3
AgPt3,0.0
Sm2Fe17,0.0
Y4US5O3,1.95
LiEr2Ga,0.0
RuSe2,1.0
Fe6O7F5,0.0
K3Cd(BO2)5,3.47
Zn2Sb3O8,0.0
ZrGeRu,0.0
Ce2SiSeO4,0.0
LaGeI,0.0
Sn0.35Te0.35Pb0.65Se0.65,0.09
NbSnIr,0.28
Al0.4Ga0.6P1,2.35
Sb3IO4,2.61
FeSn,0.0
Cd0.7Hg0.3Se1,0.55
TbSb2,0.0
Ga1.65Cu0.35S2.65,2.53
Mg3P2,1.4
LuGe2,0.0
DyIr2,0.0
HoInAu2,0.0
Li3Ni2(GeO4)3,0.0
Sm(CuS)3,1.82
Lu2TlCd,0.0
UCoSi,0.0
CsDy9(Cd2Se9)2,1.99
Eu1.83Ta15O32,0.23
RbH3(SeO3)2,4.84
LiMnCoO4,0.0
EuF3,0.0
Bi3I4O13F3,3.7
Li2ZnSnSe4,1.87
CsBi2,0.55
Yb2ZnPb,0.0
AgPd(IO3)3,1.5
Hg2Sb2O7,0.0
AsS,2.4
Bi12Rh12O41,0.0
PrNiGe2,0.0
AsSeBr,0.0
PrB6,4.9
Ca2Ge,1.0
ZnSb3,0.0
TiS2,1.95
ScN,2.6
Sn1Se0.99S0.01,0.89
NaSb(PS3)2,2.17
Ce3B2(ClO2)3,0.0
Rb5(W4O15)2,0.0
SrTaNO2,1.99
YbMgPd,0.0
Tb(MnGe)6,0.0
MnNiP,0.0
BaHgSe2,1.56
Eu(FeSi)2,0.0
Nd(InS2)3,1.15
Cu4W(SCl)4,0.0
Li3Co4TeO8,0.0
Ga2GePbSe6,1.96
Ba2DyGaTe5,1.13
Na2In2GeSe6,2.47
Cr3N2,0.0
Ge0.2Pb0.8Se1,0.35
Ga4Cu2Te7,1.08
Na3MoClO4,4.69
LiH3(SeO3)2,4.9
LiMo3O8,0.0
YbMn2O5,0.0
PmDy3,0.0
Cu(NO3)2,0.0
Sr3Ge(SbSe4)2,0.75
Sm4GaSbS9,2.23
Sb6Pb6Se17,0.8
BeFe2Si,0.0
Pr4Sb3,0.0
BaPdSe6,2.15
Na2V6O13,0.0
VAg(IO4)2,2.24
Cs2ZnGe3Se8,2.31
BaGe2,1.0
CsUCuS3,0.0
La3CuGeSe7,2.0
Zn0.01Ga0.99P0.99S0.01,2.25
TiSe,0.0
GeRh,0.0
NdCuSO,2.98
LuSiIr,0.0
V2OsRu,0.0
Sc3Fe2Si3,0.0
NdTe,0.0
Ho2Co17,0.0
LaSi2,0.19
Al0.2Ga0.8P1,2.3
Zn0.42Ga0.58As0.58Se0.42,1.67
NaFe2(SiO3)4,0.0
Zr5Sn3,0.0
KNb3(TeO6)2,3.52
LiThAu2,0.0
YbSnRh,0.0
CsGaS3,3.0
LiTi3O6,0.0
Y2AlZn,0.0
Pr9(SbO)5,0.0
LiAl2Rh,0.0
CsMn4In5Se12,1.79
LiTm2Ru,0.0
Sr2ScSbO6,3.57
InSiIr,0.0
CsCd4Ga5Te12,1.67
Li3AlP2,2.75
Sm2(PPt2)3,0.0
Nd2WC2,0.0
Bi0.2Sb1.8Te3,0.28
Sc3C4,0.0
UCo4Sn,0.0
Li5Co2Ni3O10,0.0
ThPSe,0.0
Sr7Bi23O40,0.0
Yb23Mg4Cu7,0.0
TiMn2Al,0.0
La10Se14O,2.04
UP2S7,1.41
TlCr5Se5S3,0.8
Al2S3,4.1
Na2In,0.0
TlCr5SeS7,0.97
K10Mn4Sn4S17,2.3
BSbPbS4,1.8
Ca3SbN,0.0
La5Cu6.33S7O4,2.0
Li3Ti2(PO4)3,0.0
Al2CrS4,0.0
Zn0.9Ga0.1P0.1S0.9,2.8
KAg2PS4,3.02
AlNi2,0.0
Ba2ErGaSe5,1.95
Ba2GaBiSe5,2.21
Li2Cu2S3,0.0
Y(FeSi)2,0.0
Ca3PbN,0.0
K4Hf3Se14,2.02
CaTiO2,0.0
LuP,1.3
Li3ScN2,2.9
KLi(WO3)3,0.0
K3Sm(AsS4)2,2.2
TmCuSi,0.0
Ti(Bi3O5)4,3.09
Bi7O5F11,4.05
In5Se6,0.14
ErHg2,0.0
Li2In2GeSe6,2.3
Nd2CdIn,0.0
Ba2DyGaSe5,2.35
Cr2SbTe,0.0
U6Co,0.0
RhSe2,0.6
Na2Cd(GeSe3)2,2.37
KBaSbSe3,2.04
PmMgAu2,0.0
AuBrO2,0.0
ErZn12,0.0
Mg(CoS2)2,0.0
Cs2Te,3.5
Eu2Ge(BO4)2,0.0
CaF2,9.92
Co3W,0.0
In1.6Ga0.4Cu1S3.5,1.55
Tm4Sb2Se11.68,1.22
Sr(NdS2)2,2.45
BaCuSbS3,2.0
Li2Sn5,0.0
MnGeRh2,0.0
Rb2CrF6,0.0
Li4Cu(PO4)2,0.0
Zn0.5Ga0.5As0.5Se0.5,1.52
Er2C3,0.0
HfVSi,0.0
Pr27Se40,0.0
LiCa2Ge3,0.0
LaInS2O,2.73
In2Pt,0.0
Mn3NiN,0.0
K2Cd3S4,2.75
Er2O3,5.42
Ga3Pt2,0.0
Na2In4Se6S,1.92
Tm2CdHg,0.0
GaAgTe2,1.1
GeTe2,0.3
Yb(AlSi)2,0.0
CeSI,0.0
Lu2CrS4,1.75
Ca2CuWO6,0.0
CdIClO3,4.3
Li2Ga,0.0
LaCuTeO,2.31
Ga1As0.3P0.7,2.16
CsSn3,0.0
K2La2Sb2S9,2.2
HfSi,0.0
V2Sb(PO4)3,0.0
Sn0.13Pb0.87Se1,0.02
PrIn,0.0
La8Mn7O24,0.0
TaCu3S4,3.0
HfC,0.0
CrCoPt2,0.0
MgV4O6,0.0
ThHg2,0.0
Ti2Cd,0.0
Eu(ZnGe)2,0.0
Cs2Zn3(SeO3)4,4.3
LaAl4Co,0.0
TbGa3,0.0
InAg3,0.0
TiC,0.0
TlCoBi,0.0
TlCuSe2,1.07
Nb5OF14,0.0
Bi2(PO4)3,0.0
PrSb,0.66
ZrAl5Ni2,0.0
YbIn4Ni,0.0
CaInPt,0.0
Zn0.6Ga0.4As0.4Se0.6,1.8
Li4Fe2Cu3O10,0.0
ErTlPd,0.0
YbAg2,0.0
Y3(Fe31B7)2,0.0
Na3UF7,0.0
Lu2MgHg,0.0
Cd0.01Hg0.99Se1,1.72
Fe2B(PO4)3,3.52
Li2FeWO6,0.0
Tb3Ge5,0.0
NaSi2Pd3,0.0
Li4Mn5Ni3O16,0.0
Zr2Co12P7,0.0
Rb2Ti(CuS2)2,2.19
Cr2CuS4,0.0
ZrInRh2,0.0
K6Yb3(PS4)5,2.6
Si(Bi3O5)4,3.2
LiB9PbO15,4.75
KTa3(TeO6)2,4.06
TiAuCl,0.0
PrLuIn2,0.0
USeS,0.0
Ba2Yb(CuO2)4,0.0
Ga1.1Sb0.9Se0.3,0.67
Li5Co2O2F5,0.0
Ga1Sb0.99As0.01,1.37
UVC2,0.0
Cs2Hg(ICl)2,2.15
Ba2V4(TeO6)3,2.64
Sn0.08Pb0.92Se1,0.06
Ba3BSbSe6,1.89
Cd0.6Hg0.4Se1,0.7
Mo5As4,0.0
Ba4B11O20F,7.1
Fe2S,0.0
Eu(BiSe2)2,1.02
Ca3Al2Ge3,0.0
Rb3Nb2AsSe11,1.5
La2S3,2.77
Ca2NiIrO6,0.0
RbF3,0.0
Sr(RuO3)2,0.0
CeRh,0.0
TaAs,0.0
YV(BiO4)2,2.09
Zn0.7Ga0.3P0.3Se0.7,2.15
Li3V4NiO12,0.0
SrLi2Sn,0.0
Eu2TeO2,0.0
LiErAu2,0.0
Lu2Mn12P7,0.0
Ta3P,0.0
TbTe,0.0
HoTh3,0.0
Ni2Mo3N,0.0
LiSbS2,1.36
Ca2Si,1.9
Mg4Sc3(SiO3)8,0.0
CeN,0.7
La5In3(S3O)3,2.6
Pb2O3,1.67
CoP3,0.45
TbRh2,0.0
YB66,0.8
Ce2Se3,1.75
Mn2AlO4,0.0
K4Ga4Si19,1.18
HfHg4(PCl3)2,3.26
Sm2TlHg,0.0
CdCu2GeSe4,1.2
CeSi2Pt,0.0
La2VCoO6,0.41
MnPSe3,2.5
Tl16O15F17,0.0
LaSb,0.8
Ce2S2O,0.0
U2Cr30P19,0.0
Cs2Sn3(SbS5)2,2.34
LiB3,2.0
YbCe2CuS5,1.37
Cs2AgBiCl6,2.77
HoInPt,0.0
Re2PbO6,0.0
Tl5Te3,0.0
MnO2,1.3
YbSmRh2,0.0
Bi0.002Te0.003Pb0.999Se0.999,0.79
K2NbCuS4,2.82
Ta7Cu3O19,2.47
Zn0.99Ga0.01P0.01Se0.99,2.6
Cu9S5,0.0
Ca2PbAu2,0.0
Cs2Cu(PS3)3,2.4
Ba4Ga5CuS12,2.82
TaTiFe2,0.0
Rb2Mo3Se3O16,3.1
K4(ZrSe5)3,1.81
Y3GaCo3,0.0
TaF3,0.0
Ce6B2(CBr)3,0.0
K2RbSb,1.2
Li7Ti7O16,0.0
Dy5Sn3,0.0
La2O3,5.4
GaAgGe3Se8,2.17
KIn(TeO3)2,4.0
Nd(CoSi)2,0.0
MgCu2GeS4,2.36
YWO3,0.0
BiBr3,2.66
TbNiO3,0.0
Rb2GeB4O9,5.54
Li3Mo2P5O18,0.0
TiNiSb,0.42
LiHoAu2,0.0
Y2CuO4,0.0
V3Si,0.0
Cr7C3,0.0
In0.6Ga0.4As0.6P0.4,1.25
Cs4Ga4Si19,1.14
BaAlCu4O7,0.0
TiFe2Sb,0.0
Ba3In2(PO4)4,3.87
Ho4Ga16Co3,0.0
BiIO3F2,3.97
RbNb3(TeO6)2,3.49
Rb2Na2IrO4,0.0
Ge0.4Te1Pb0.6,0.51
Ce(MnSi)2,0.0
Dy2MgIn,0.0
LaB6,4.1
Te2Pd3,0.0
ZnSn3,0.0
Bi2Te2.97Se0.03,0.15
EuSnO3,0.0
AlVCo2,0.0
Ga2PbS4,2.38
ReSn3,0.0
Li3Mn4(PO4)6,0.0
CdCu(SeO3)2,3.33
Lu4C7,0.0
La2GeSe5,1.24
Eu(ZnSi)2,0.0
PdPb2,0.0
TlCr5(SeS3)2,0.94
Ce2Fe17,0.0
KB5PbO9,3.1
HfAlPd2,0.0
BaAg2,0.0
SrZnSb2,0.0
Ba(AsRh)2,0.0
Sn3Ir2Se3,0.43
Zn0.85Hg0.15Se1,1.8
VCu3S4,1.0
Cd0.8Hg0.2Se1,0.45
Zn6S5Cl2,2.71
CaGaAu3,0.0
Li2ZnGeSe4,1.86
In1.65Cu0.35Se2.65,1.19
Na2UI6,0.0
LaCuSeO,2.83
YSn3,0.0
LiNb3(BiO3)4,3.0
NaInTe2,1.6
TbWClO4,4.24
Al0.6In0.4P1,2.3
Cu25Se26,0.0
Na6CoSe4,0.0
Rb2Cd(PSe3)2,2.58
Ba4Nb14O23,0.0
HfS2,2.9
Tl0.04Te1Pb0.96,0.57
Nd5Ge3,0.0
CaGa3Ni2,0.0
Ti13S24,0.0
SiSb,1.9
Li23(MnAs)20,0.0
Ba2SmCu3O7,0.0
Ce5(SiN3)3,0.0
ScSnPd,0.0
DyInPt2,0.0
NaCeS3,2.15
In2Te,0.46
PrTmTl2,0.0
Rb1.54Cd1.54Bi2.46S6,1.33
PdSe2,0.4
Sm2Mo2O7,0.0
Sr8Al7,0.0
Ge0.41Te1Pb0.59,0.49
Sm3Te4,0.51
FeBi(SeO3)3,2.54
Al2Cr2O7,0.0
NdCuTeO,2.26
CrTe2,0.17
Dy2ZnIn,0.0
Cs2NaMnF6,0.0
Tm2ZnAg,0.0
Ba3InS4Cl,3.42
U(SiNi)2,0.0
Ba3Gd2(PS4)4,3.41
LiMnO2,0.0
Gd2(Zn2Ge)3,0.0
Zr7P4,0.0
In5AgS8,1.76
La1.86Tb1.14Ga1.67S7,2.67
Sc2Al3Ru,0.0
Hf5Te4,0.0
Li2HgGe,0.93
GaAgO2,2.2
Li2ZnSnS4,2.87
TlCuCl3,2.98
RbInSnS4,2.7
LaZnAu2,0.0
ZrSe2,2.0
ThRu3C,0.0
Ce10Se14O,1.93
Sn0.03Te1Pb0.97,0.21
SiW3,0.0
Rb2Tb3AlF16,0.0
Pb3Se2(BrO3)2,3.73
Nb4Co2PdSe12,0.0
RbSbTe2,0.38
SnI2,2.4
K2Ce(PO4)2,2.46
Cs2La1.19Bi8.81S16,1.0
Cd0.3Hg0.7Se1,1.1
Tb(CuTe)3,0.46
Ba14Ir8(PdO11)3,0.0
Na11Ti20O40,0.0
TbYbHg2,0.0
K11Mn4O16,0.0
Li3VOF5,0.0
SmLuTl2,0.0
KZn4(BO3)3,2.32
TiFe2As,0.0
Cu3Hg2(Te3O8)2,2.56
Be12Pt,0.0
LiMgBi,0.4
Na7(CoO3)2,0.5
Li9Ga13(Te7O22)3,4.45
Nd4(GeS4)3,2.62
Ce(HO)3,0.0
ThAl3,0.0
Ge0.25Te1Pb0.75,0.44
SmSe,0.46
NdAgPb,0.0
Ce(AlZn)2,0.0
NaH3(SeO3)2,4.9
Li5Mn6(BO3)6,0.0
Cs2NbCuSe4,2.19
Zn0.99Ga0.01P0.01S0.99,3.7
TlBiTe2,0.12
Sb4Pb4S11,0.0
MgScAg2,0.0
Rb2Ti(AgS2)2,2.33
K2.15Sb8.15Pb1.7Se15,0.6
Yb(InS2)3,1.31
SrTl2,0.0
YSiNi,0.0
LaAl12O19,0.0
CeSbO3,0.0
SrSbAu,0.0
Ba2GaSbTe5,1.66
Y(Al5Fe)2,0.0
Cd2InCuTe3,0.7
La2Ni5B4,0.0
NaLu(Pd3O4)2,0.0
La3Ge3Br2,0.0
Li15(FeO4)4,0.0
PdO,0.8
Sn(PO3)3,0.0
GdAs,0.63
Ti2RePd,0.0
Ce3TaO7,0.0
CuP2(HO3)2,0.0
Al0.01In0.99P1,1.3
Dy1Te1.7,0.35
La3LuSe6,1.26
TlS,1.36
AsS3,2.35
CeSiIr,0.0
B4W,0.0
NdBRh3,0.0
RbNb4Br11,0.46
Co2Ge,0.0
B2Mo(PbO2)6,2.9
La(In2Au)2,0.0
Li3Mn4O8,0.0
In0.99Ga0.01As0.99P0.01,0.3
Sn3P3O13,0.0
RbTiBr3,0.0
NaFe2O3,0.0
YSi2,0.0
Mg3Ga7Co2,0.0
IrPb,0.0
ZnHg3(SeCl2)2,2.23
TmB2C,0.0
PbN6,2.98
RbAgF3,0.0
Lu2CdIn,0.0
Tb3Ni13B2,0.0
ZrInPd2,0.0
Sc2GaAg,0.0
Li2DyIn,0.0
LuC2,0.0
LaVI5O16,3.58
V12P7,0.0
Tb2O3,3.0
Ba2GaBiTe5,1.43
ZrNiSn,0.0
ZnI2,4.53
CaZn2,0.0
BaPrO3,2.0
CaPb,0.0
Sc(VGa2)2,0.0
LiLu2Ga,0.0
YSbPd,0.27
Na2VCuF7,0.0
Re3F,0.0
Eu2Se3,1.02
ErNi4B,0.0
Sr8.007Ge2.043Bi7.949Se24,0.74
Rh3Pb,0.0
Ga5Pd13,0.0
Cr3P,0.0
HgI,2.37
GdZn,0.0
La2PI2,0.0
Mg2TcO4,0.0
Ti3Be,0.0
Nd1.33Lu0.67S3,1.5
Ti5Zn4(TeO6)3,0.0
EuBiW2O9,3.63
CeGaO3,0.0
Ta2Nb3O12,0.0
Na3MoO4F,4.77
Hf2Ni,0.0
Li2ZnGe,1.1
Zn0.3Ga0.7P0.7S0.3,2.3
YbBO3,0.0
Cd3Te2MoO10,3.81
MgCuBi,0.0
Y2ReB6,0.0
Li2HgGeS4,2.46
Hg8Bi3As4Cl13,2.43
In3Bi7(Pb2S9)2,0.0
Fe10O9F11,0.0
Eu(Ni2B)6,0.0
Gd3Al0.74Si0.7S7,2.34
Li2CrCuO4,0.0
V6PbO11,0.0
K2Ti(CuS2)2,2.04
BaTi4O7,0.0
Bi2(BO3)3,0.0
Ag8SnSe6,0.71
InHgW2,0.0
NdMoO4F,3.66
Li4(FeO2)9,0.0
Pm2CuGe,0.0
Sc3(MnGa3)2,0.0
LiFe2(PO4)3,0.0
Cs2Hg3I8,2.56
Mg3Rh,0.0
Mn2P,0.0
Ga1.1Cu0.9Se2.1,1.59
Nd3Te4,1.6
ErB6,3.5
In0.4Ga0.6As0.6P0.4,1.74
Ba5In4Te4S7,2.13
Ba(SnO2)4,0.0
K3Ta2AsSe11,1.45
BiSBr,1.88
Cd0.28Hg0.72Te1,0.21
Ti10O11,0.0
VNi5(PO4)6,0.0
BP,4.2
Na2Tl,0.0
ErPbAu,0.0
Y2Fe2Si2C,0.0
DyNiGe2,0.0
Cs2Cd(PSe3)2,2.63
FeOF,0.0
Zr2(Co7B2)3,0.0
Al0.5Ga0.5As1,2.12
Hg7.5As4Cl6,1.73
Ga1As0.1P0.9,1.22
LuAg2,0.0
KAgAsS2,2.21
Ti2B,0.0
Na4Eu(GeS3)2,2.15
CsErZnSe3,2.56
In1.9Cu0.1Se2.9,1.45
Y3Fe29,0.0
Zr5Sn4,0.0
Lu2FeS4,0.0
BSb,2.6
DyB6,3.3
SrV13O18,0.0
LiMn9Se10,0.0
Pr4Te7,0.46
FeAsSe,0.6
GdInIr,0.0
KInGeS4,3.1
KBi3S5,1.21
TiTlSe2,0.56
BiSI,1.56
Cd0.37Hg0.63Te1,0.35
Sr6Nb7O21,0.0
Ta4N5,0.0
InPt3C,0.0
Ba3B1.5Sb0.5S6,3.01
ScTlSe2,0.79
KSb,0.9
BaPt5,0.0
GdB(SbO4)2,3.48
Lu3BC3,0.0
WCl3,0.0
PPdSe,0.15
CaI2,5.98
K2Sb8Se3,1.31
SrSe,4.42
Yb3Ti3O14,0.0
Li2NdSb2,0.0
K2Au(IO3)5,2.65
LiCo7O7F,0.0
Eu(GaTe2)2,1.7
Rb3Ga,0.0
Tb(CoGe)2,0.0
Na2LiTa,0.0
CuBi(PSe3)2,1.2
KAsSe2,1.62
Ba8Hg4Se7S5,1.98
Mg5Tl2,0.0
LaCdAu,0.0
Cu2H3ClO3,0.0
Er2(MoO4)3,0.96
Cs2VAgS4,1.77
PdS,0.5
Eu(GaSe2)2,2.16
CdHIO4,4.35
Na4Mg(GeSe3)2,2.53
CoSb2,0.17
Ga1.95Cu0.05S2.95,2.64
YMoClO4,3.82
BRh2,0.0
Li6(NiO2)5,0.0
Tl2TeI6,1.47
Bi2Mo2Se2O13,3.15
ScCoO3,0.0
CdCu2SnS4,1.37
In3CuSe5,0.6
EuH2,1.85
In0.7Ga0.3As0.3P0.7,1.58
DyZnRh2,0.0
KTi5Se8,0.0
Bi0.2Te0.3Pb0.9Se0.9,0.25
Hf3P3Pd4,0.0
Ta2Tl4S11,1.26
RbB5(H2O3)4,0.0
LuCd4B3O10,3.7
Sc5Pb3,0.0
Ho(SiOs)2,0.0
AgPdO2,0.0
Zr1.33Ta0.67N1.63O1.89,2.48
ScRh,0.0
K1.25Bi7.25Pb3.5Se15,0.53
YIn2Ni,0.0
ScZn3,0.0
EuPPt,0.0
Rb2NaVF6,0.0
Cu1.8S1,2.3
Hg3PS4,2.03
HfB4Ir3,0.0
Pr4InSbSe9,1.89
DyPO4,6.38
AgCl,5.13
Mn(SbSe2)2,0.31
Sr(CeSe2)2,0.0
In4Se3,0.64
Rb3Sb2I9,1.94
Nd2Ni7P4,0.0
EuTl,0.0
Li17Ti20O40,0.0
SbTeOs,0.05
Ce3Al,0.0
Te2Au,0.0
Lu5(Si5Ir2)2,0.0
TbBe13,0.0
Ga1.9Cu0.1S2.9,2.6
TmPd,0.0
ScBIr3,0.0
Ba2SmInSe5,2.22
Ca3BiSb,0.0
CsSbSe2,1.7
PrTl2InSe4,0.93
Ag0.5Ge1Pb1.75Se4,1.51
TmH2,0.0
Ag5IO6,1.4
RbMn4Ga5Te12,1.53
HgBr,2.6
LiZn(Fe5O8)2,0.0
Tm2O3,4.53
Ce2Al2Co15,0.0
Li2(FeO2)5,0.0
FeCuSe2,0.15
Sm3Al,0.0
Tm3GaC,0.0
Y4CuTe8,0.0
EuIn2(GeIr)4,0.26
PrTlSe2,1.18
Ce1Mn0.5Se1O1,2.01
AlFe2Si,0.0
Eu(MgBi)2,0.0
Na8Hg3,0.0
KSb(SO4)2,4.64
Tb(InS2)3,1.2
Nb40N21O16,0.0
TbGa2Co3,0.0
LaBiAu2,0.0
NdSbPd,0.0
U(CrC)4,0.0
Sb2Ru,0.3
Cr2CuTe4,0.0
In0.005Te1Pb0.995,0.43
Ge0.01Te0.99Pb0.99S0.01,0.32
YbB66,1.27
ZrIr2,0.0
Rb6O,0.0
CoMoP2,0.0
Si0.98Ge0.02,1.08
HgPS3,2.6
YbSb4Te7,0.22
LaScSi,0.0
ICl2,0.0
CrO2,0.23
Cs3Nb2AsSe11,1.35
Pb1Se0.5S0.5,0.33
EuNiGe3,0.0
Li3Bi,0.7
ZnSb,1.05
Li2FeGeS4,1.42
NbSiIr,0.0
CrFeP,0.0
KMo6S7,0.0
TmAu,0.0
PdS2,0.75
Cd1Se0.01S0.99,2.4
LuBPd3,0.0
Li3Ti3(PO4)4,0.0
Mg3Tl,0.0
Cd0.05Ga0.95Sb0.95Te0.05,0.74
AsSeI,1.76
LiAlGe,0.0
Li8TiNi7O16,0.0
Eu(InSe2)2,1.31
Cd0.2In2.4Ag0.4Te4,0.42
Ba23Ga8(SbS19)2,2.84
YB2Rh2C,0.0
SrSnP,0.0
K10Sn3(PSe3)8,1.82
K(FeAs)2,0.0
CsTiCl3,0.0
SmAs,1.03
NdMg2Ni9,0.0
Sm6Br13,0.0
In0.04Te1Pb0.96,0.37
RbSbO3,0.0
KInSnS4,2.3
BaBiClO2,3.71
Nb2O5,3.08
Th(FeGe)2,0.0
Ce8Sb2S15,1.99
CsMn4In5Te12,1.48
Rb2VCuS4,1.85
PtN,0.0
BaNaB5O9,4.78
LaGaS3,2.5
K2Ge3(BO5)2,5.38
CsBiSe2,1.07
Na2Mo2Se2O11,3.1
Zr1.86Cu1S4,1.26
Cd1Se0.2S0.8,2.23
SmHgPd,0.0
TaRh3,0.0
Li2YbPb,0.0
Li6FeO6,0.0
CsNa2Sb,0.8
Li2MnCu3O8,0.0
Ag2P2PbO7,0.0
MgPb3,0.0
Ba7Ru4Br2O15,0.0
TeAs,0.74
AgSO4,0.18
Dy2AlCo2,0.0
Sc2Fe,0.77
CrCu2Si,0.0
NaSn2,0.0
YMoO4F,3.78
NdAs,1.04
In0.2Ga0.8As1,1.07
La2YbCuS5,1.45
NdErZn2,0.0
Al0.7In0.3P1,2.3
NaCeS2,0.0
Te0.99Pb1Se0.01,0.3
Sr(CoP)2,0.0
BPb2ClO3,3.99
U4Re7Si6,0.0
CdBiClO2,3.08
Ce(CoAs)2,0.0
P2Pd3S8,2.12
Cs2Sb,0.62
Na4Al4Si19,0.64
Al0.01Ga0.99P1,2.27
Ca3La2(SnS4)3,1.45
P2Se3,2.4
VCo,0.0
DyCoSi2,0.0
K3UF3,0.0
Ca4Bi6O13,2.76
Sm(CuTe)3,0.23
Er6MnBi2,0.0
K2In2P3Se10,2.2
K0.8Sn2Hg1.2S8,2.78
Li3AlTe4O11,3.63
ErBiW2O9,3.26
Fe12As5,0.0
Ba3Bi2TeO9,2.3
La2.1Bi5.9Pb2S14,1.0
Ba2LiFe2N3,0.0
Al2Ru,0.0
BiP3(PbO4)3,3.7
NbSe2,1.4
ScCd,1.71
Ge0.2Te1Pb0.8,0.4
LiNi2(PO4)3,0.0
Ga1Sb0.8As0.2,1.02
CdSnO3,3.0
Ce4Te7,0.5
Al0.99In0.01P1,2.4
Li2U(MoO5)2,0.0
K3Th2Cu3S7,2.49
ScSbRh2,0.0
Na2TeS3,2.35
Mn2GaW,0.0
Pr5Si4,0.0
ReIr3,0.0
Sn0.15Te0.15Pb0.85Se0.85,0.18
Lu2AgAu,0.0
Gd1Mn1.95In1.05S5,1.66
CsRbP,0.0
W2N,0.0
ErB2Ir3,0.0
In1.01Cu0.99Se2.01,1.08
KBi2,0.0
Eu(InTe2)2,1.22
TlSnAuSe3,1.2
CeMgAg2,0.0
AlPd5I2,0.0
CeTaN2O,1.9
Hf3(CuSi)4,0.0
Ba3La3(Cu3O7)2,1.8
BiAs2Os,0.0
BaGe3Pt,0.0
LuAl2Pd5,0.0
Sc6FeSb2,0.0
CeAl3Ni2,0.0
Zn0.99Ga0.01As0.01Se0.99,2.59
DySn3,0.0
MnGePd,0.0
TiPO4,0.0
In0.1Ga0.9As0.9P0.1,1.6
Al2Se3,3.1
Cs2Pt(IO3)6,2.4
GaGeTe,1.1
PmMgRh2,0.0
Al0.99Cd0.01Sb0.99Te0.01,2.21
Tm2IrPd,0.0
LuGaRh2,0.0
Ga1.6Cu0.4S2.6,2.45
Ho(MnSn)6,0.0
Ta2OsW,0.0
CdIn8Te13,1.02
YbAgO2,0.0
Dy3(CuGe)4,0.0
In0.1Ga0.9As0.1P0.9,2.25
In(PSe2)2,1.29
SrMnGe,0.0
LaPd3S4,0.0
K6Cd4Sn3Se13,2.33
NaAsO3,0.0
Au3S,0.0
V3Ag,0.0
Mn(PbO2)2,1.5
Fe4O7F,0.0
Cs2SiB4O9,6.53
CeAsPd,0.0
ErMg2,0.0
Pm2PtAu,0.0
Li3Mn(CuO3)2,0.0
Ga1As0.4P0.6,2.1
ScBPd3,0.0
NdSnRh,0.0
Tm(CuTe)3,0.14
CuBiPbS3,0.12
Li7Ti16O32,0.0
Ti2ZnS4,0.0
CoH2(SN)4,0.0
FeBi25O39,2.8
HoSiRu2C,0.0
Yb2MgSe4,0.0
Ga2Si(AgS3)2,2.35
Rb2Cd3(B4O7)4,4.76
IrSe2,0.9
PrErMg2,0.0
Ba2CaOsO6,0.0
P2Rh,1.0
Hf7P4,0.0
Mg3(B25C4)2,2.7
Mn(CoO2)4,0.0
KBiO3,0.0
DyAgGe,0.0
NbCrW,0.0
Sn5(BIr3)2,0.0
Sn0.2Pb0.8Se1,0.06
Ca2Sn,0.9
Ba2NdGaSe5,2.18
Na3Zn(BO2)5,3.2
Na3In2Au,0.0
Ba4Ga4GeSe12,2.18
Pr2Ge2Se7,1.32
Yb(SbTe2)2,0.34
LaYbZn2,0.0
KAlGeS4,3.5
RePO5,0.0
RbCd4Ga5S12,3.02
DyAs,1.0
Tl2Te3As2Se,0.67
K3Bi2I9,2.1
In1Ga1Cu1S3.5,1.84
TiS3,0.9
ScTiO3,0.0
Zr4AlNi2,0.0
Mg3(Ni10B3)2,0.0
Yb14Ti10O41,0.0
Rb3Zn(BO2)5,2.66
TlGaS2,3.4
LaGaO3,4.4
CsCu2AsS3,2.3
BiPd,0.0
Ga1As0.2P0.8,2.2
Ba4InAgSe6,2.41
Cs2NaCoF6,0.0
Na3(WO3)4,0.0
Ti3Cu3O,0.0
Ho2HfS5,1.0
Ba3Sb2S7,2.4
BaO,4.8
RbCd4In5Se12,1.57
Si0.12Ge0.88,0.84
Th2Se5,0.37
Tm2MgRu,0.0
SmCoC2,0.0
ZrSe,0.0
U2Cu2As3O,0.0
Bi2Te0.45Se2.55,0.2
NaInSe2,2.8
CdAg2(PS3)2,2.49
Tl3Ir,0.0
Ba14Na8CaN6,0.0
ZrRh,0.0
AlAgTe2,1.8
BiSeI,1.28
Cd0.4Hg0.6Se1,0.95
Mg2AgIr,0.0
Ca5Sb3,0.0
Yb(AlGe)2,0.0
PrMgAg2,0.0
LiMn(PO4)2,0.0
As2Ir,1.0
SnPt3C,0.0
Si0.226Ge0.774,1.5
Si0.9Ge0.1,1.04
Eu(CdSb)2,0.0
RbMn4In5Se12,1.76
HfZnNi2,0.0
Th(SiRu)2,0.0
CaEu2O3,0.0
Nd3Ge5,0.0
ZrMo3,0.0
Rb5Li6(BO2)11,6.53
Tl2InGaTe4,0.88
LiZr2Os,0.0
LiSiB6,2.27
Ba3Te,0.0
Sn0.06Pb0.94Se1,0.14
Cu10Sb3,0.0
Yb11(Ni10C)6,0.0
Cs2Li3(BO2)5,7.3
YZn5,0.0
Pb1Se0.01S0.99,0.37
InPS4,3.12
In1Sb0.5As0.5,0.1
Pm2NiRh,0.0
SbOsSe,0.4
Ce1.3Lu0.7S3,1.25
Ag2PdO2,0.18
Ca2CdAs2,0.95
Sm2IrPd,0.0
BaTbMn2O6,0.0
Zn0.15Ga0.85As0.85Se0.15,1.47
Nd2Ru2O7,0.0
Cu11Sb4S13,0.0
BiSeO3F,3.83
Cs3V2Cl9,0.0
SbPbIO2,2.48
Gd2S3,2.55
K3Sn,0.0
Li8IrO6,0.0
CdP4PbO12,4.85
Mg9CuO10,0.0
TeI,1.1
KAg2SbS4,2.2
AsOsS,1.3
Y(CuSe)3,0.88
Ba2ErInTe5,1.35
KBr,7.6
AlB2,0.0
Ti1C0.9,0.3
U3Ni3Sn4,0.0
Sr4Ga8Ge15,0.05
Dy(GeRu)2,0.0
Ti9O10,0.0
Sn0.25Te1Pb0.75,0.04
CaIrO3,0.0
HgPt,0.0
NaLi3,0.0
Ge0.05Te0.95Pb0.95S0.05,0.4
TeI4,1.1
Ce3(Al3Ru)4,0.0
Ba7(SnS3)5,2.29
PrAu,0.0
Rb3Sb,1.0
SrLi4(BO3)2,6.67
Yb6U3O17,0.0
SmInAu,0.0
K5In3P6Se19,2.2
MnFeAs,0.0
Ho(InS2)3,1.23
Sn1Se0.01S0.99,1.08
AlCuTe2,2.06
MnSiNi2,0.0
NdMg2,0.0
LiCd2Rh,0.0
LiMn4O8,0.0
TlCr5Se8,0.67
Li2CuF6,0.0
Nb3IrSe8,0.0
Na15Sn4,0.0
Co7Re17O48,0.0
Eu3(InP2)2,0.45
MnO,3.6
Ba2GdInTe5,1.36
Cd8B5O15F,3.14
Ba2Sb7HO14,2.7
V3Cu,0.0
CBr4,3.7
In1.05Cu0.95Se2.05,1.07
MnNi,0.0
Tl2GeTe3,0.36
Pr3I,0.0
Ce9SmO20,0.0
KThCuS3,2.95
Ca5B3O9F,6.53
Ba3Dy2(PS4)4,3.28
In0.01Ga0.99As0.99P0.01,1.43
Th(GePd)2,0.0
K2FeGe3Se8,1.95
Sc2GaIr,0.0
Ga1Sb0.14As0.86,0.66
TbH2,0.0
BaCuSbSe3,1.6
NaBiS2,0.38
MnV(TeO4)2,1.9
CdHg6(As2Br3)2,1.89
NdRh,0.0
Ba(InS2)2,3.06
ScCu2,0.0
V2Si2O7,0.0
CuPd,0.0
SmHoHg2,0.0
Pr2Ir2O7,0.0
MnBe2Co,0.0
Ta6Be15Cu8,0.0
RbCuSnSe3,1.04
Na2Ga2SnS6,2.2
U2Zn17,0.0
K1.46Sn3.09Bi7.45Se15,0.39
MgSi7Ir3,0.0
Zr5Al3,0.0
B5Mo2,0.0
Ce8U2O21,0.0
Mn0.05Te1Pb0.95,0.37
Nb2Tl4S11,1.8
Na2Cr7O14,0.0
Tb(GePd)2,0.0
ZrS2,2.75
CaZn3Ni2,0.0
Tb4GaSbS9,2.44
Cd3Sb2,0.3
Ca(Al4Co)2,0.0
Pb1Se0.95S0.05,0.26
Si0.458Ge0.542,2.24
Lu2Mo2C3,0.0
Ba3ZrRu2O9,0.0
Sm(SiNi)2,0.0
BiSbTe3,0.19
Si0.07Ge0.93,1.04
Nd3In,0.0
Si0.08Ge0.92,0.72
CsHo9(Cd2Se9)2,2.06
Ta2N,0.0
LiCa2Ga,0.0
NaTi5Se8,0.0
Eu(InAs)2,0.0
Zn0.01Ga0.99P0.99Se0.01,2.24
UP2S9,1.41
Rh7(PbO5)3,0.0
Nd2IrPd,0.0
InSiTe3,0.0
Li3GaTe4O11,3.85
Ba5(Ga2Se5)2,2.2
Ga1.1Sb0.9Te0.3,0.7
CeMgNi4,0.0
Li2CdSnS4,3.26
ScCoGe2,0.0
BaAg,0.0
Ba4Ga4SnSe12,2.16
Cu4Pd,0.0
CrCoGe,0.0
Ba2In2Se5,2.12
BPb6BrO7,2.84
Li2TeWO6,4.0
In1.8Cu0.2Se2.8,1.26
Er2MnC4,0.0
CeScO3,3.2
Cd(In15Te23)2,1.17
In2B(PO4)3,5.39
GdSb,0.0
YbNdAg2,0.0
Na(GeP)3,2.06
Ba5Cd(Ga2Se5)3,2.6
Ti2TcNi,0.0
NdMnSbO,0.0
Ni3Ge,0.0
Mn2Hg5,0.0
BiPO4,3.85
Eu(TmSe2)2,1.8
Nb2(CoO3)3,0.0
Ge0.2Te0.2Pb0.8Se0.8,0.36
Sr8Co8O23,0.0
Al0.35Ga0.65As1,2.0
Ca3TlN,0.0
Ba6Al4B14O33,3.44
PrBPt4,0.0
Ba4LiGa5Se12,2.65
SrIn4Pt,0.0
BiPb2S2I3,1.6
Ga9Rh2,0.0
Ba6Sn6Se13,1.52
Zn2WN2,0.0
BaGa2SiSe6,2.88
YbRh2,0.0
YbAl3,0.0
Er2Te3,0.9
Si0.109Ge0.891,1.13
BaSnO3,3.1
Ba5Ge3,0.0
HfAs2,0.0
In0.07Te1Pb0.93,0.32
In0.3Ga0.7As0.3P0.7,2.05
Sc3GaC,0.0
ZrHCl,0.0
Ho(NiB)2,0.0
Rb2Pt(IO3)6,2.4
Ho10Si17,0.0
Mn5O7,0.0
Hg3Bi2(TeCl4)2,2.8
CeInIr,0.0
Si15(TeP2)4,1.24
CsCd4In5Se12,1.62
Cs3Sb2I9,1.89
K2NbO6,0.0
Eu3Sn,0.0
Ge0.02Te0.98Pb0.98S0.02,0.34
K2SmP2S7,2.59
Ba3V2(SeO4)4,2.87
La20Mo12Cl4O63,2.4
Sm(NiSn)2,0.0
PtS2,0.75
NdAl4Ge2Au,0.0
Tb(CuSe)3,0.16
Tm2In,0.0
Ge0.15Te0.15Pb0.85Se0.85,0.32
Lu2Fe2Si2C,0.0
Nb3Bi,0.0
CeB2Ir3,0.0
Bi2(MoO4)3,2.9
Pd(IO3)2,1.31
Li3Cu4NiO8,0.0
LiGaTe2,2.31
Sr2V2(SeO5)3,2.96
Tm2ZnOs,0.0
BaLa2In2Se7,1.66
In1Sb0.2As0.8,0.12
PrGeAu,0.0
Ba3Ta5NO14,2.8
Co(PO3)4,0.0
Eu3Bi4S9,1.18
Li3(CuO2)2,0.0
Ba2ReNiO6,0.0
Li4.5Ga0.5Te1O6,4.99
Yb4Sb2S11.25,1.71
Ho5Si4,0.0
La2Si5Rh3,0.0
La2Pr2O7,0.0
Hf2ReRh,0.0
Sr2Be2B2O7,8.0
Rb2Hg3(GeS4)2,2.8
La2Zn(SeO)2,3.4
ZnTc,2.37
Na3Mn2(GeO4)3,0.0
LaIn,0.0
Re3As7,0.0
Ho5(Ge5Rh2)2,0.0
P2O5,0.0
V3Pb2Se5O18,3.14
Y(CuSi)2,0.0
Zn3Cu10(TeO6)6,0.0
CeCoGeH,0.0
EuSnAu2,0.0
Er(CuGe)2,0.0
Bi2Te0.03Se2.97,0.27
In0.4Ga0.6As0.4P0.6,1.85
TlGaSe2,1.65
CuN3,4.17
Cr2P3O11,0.0
SrB2,0.0
Ba2NdInTe5,1.37
BaGe4(RhSe3)2,1.09
Nb3V(PO4)6,0.0
Ta2MoOs,0.0
Pr2InGe2,0.0
Si0.4Ge0.6,0.9
Ba4Ge3S9Cl2,2.91
ZrAlPt,0.0
TbCl,0.0
AgBiPbS3,1.2
Ba3Sn0.87Bi2.13Se8,0.79
In0.72Ga0.28As1,0.55
EuAl2O4,2.74
Tl2Hg3Te4,0.9
CeMg2Ag,0.0
ScAlNi2,0.0
ThMn4(CuO4)3,0.0
Nd3(GeRu)2,0.0
YH2NO5,4.83
La3AlN,0.0
Nd(AsPd)2,0.0
GaBi25O39,2.99
TaAl3,0.0
Cr10Sb3Te7,0.0
Hg3PS3,1.98
Tl2S,1.0
Ba3Co10O17,0.0
TiMn2Ge,0.0
KTm,0.0
NdLuSe3,1.61
Gd2AlCo2,0.0
Ce2Ti2O7,0.0
Mg5B3O9F,5.63
NbGaCo2,0.0
Sn0.17Pb0.83Se1,0.04
Sr2CoReO6,0.0
Re2RuBr,0.0
NaLaS3,2.61
Dy2Ti3Si4,0.0
CuMoO4,0.0
B3H2Pb2O7.5,4.42
ZrRe2,0.0
LiAl2Tc,0.0
TaW3,0.0
Ce(SiNi)2,0.0
BaDy2CuO5,0.0
SrGe2,0.9
Ba12In4S19,2.56
Eu(SbS2)2,1.2
EuCuSeO,0.0
Li3V4FeO12,0.0
Mn3V2(SiO4)3,0.0
BaLi4,0.0
Rb2Cd(IBr)2,3.35
Ba3Sn(SbSe4)2,0.97
RbIn4,0.0
Ga1.001Sb0.999Se0.003,0.71
Zn0.2Ga0.8Sb0.8Te0.2,1.15
Rb2Cd3S4,2.92
Ga1Sb0.3As0.7,0.67
Tm(MnGe)6,0.0
V3CrO10,0.0
Ga1.8Cu0.2Se2.8,1.86
KSm2CuS4,2.17
La20Cu9O40,0.0
Na2Hg3Se1.49S2.51,2.03
Yb2SmS4,0.0
K3NaSn3Se8,2.2
YMgAl,0.0
Ce2Ge2Se7,1.1
Ca(GeRh)2,0.0
Li8GeN4,2.61
SrTe,3.73
NdIn5Rh,0.0
Sb2Os,0.2
Gd1.87Lu2.13Se6,1.56
Sr0.5Ta1O3,3.7
RbCu4AsS4,2.15
CoCu2Sn,0.0
KSiBiS4,2.25
UHg4(AsCl3)2,1.9
Ce3Pd5,0.0
CsBiS2,1.39
LaNbN2O,1.7
SnRh,0.0
Cr3Ni(PO4)6,0.0
DyGe,0.0
K3Ga3Ge7S20,3.25
Yb2Sn,0.0
YHg2,0.0
Sr3(AlSn)2,0.0
Ge0.01Te0.01Pb0.99Se0.99,0.23
V4ZnO8,0.0
Cd1Se0.45S0.55,2.05
TbCu5,0.0
K2Hg3Se1.31S2.69,2.28
Li2PmGe,0.0
Ho(SiPd)2,0.0
Na0.5Ge1Pb1.75S4,2.08
Bi2Te2.7Se0.3,0.2
LiY(CuP)2,0.0
CdBr2,4.47
Fe2Cu(PO4)3,0.0
BeTe,2.89
Li3FeNi3O8,0.0
KCd4Ga5Se12,2.16
ZnGaRh2,0.0
KTbSe4,1.65
Al0.3Ga0.7As1,1.81
Ce(BC)2,0.0
Li4Mn5Nb3O16,0.0
NaInS2,1.9
Ta22(CuS12)3,0.0
LuMnSi,0.0
LaGa3Pd2,0.0
Mg3(Ni10P3)2,0.0
Rb4Ge(PSe3)4,2.0
Tl8Os8O27,0.0
Tb2In16Pt7,0.0
BeSe,4.0
Sm(SiAg)2,0.0
NaNi2O3,0.0
K2Hg3(GeS4)2,2.64
CeTlZn,0.0
Tl6Cu(TeO5)2,2.3
Zn3(BO3)2,2.6
LuIr2,0.0
Zr6O,0.18
Ag2HgI4,2.47
Al0.2In0.8P1,1.7
Rb5(WO3)18,0.0
Ba2SmInTe5,1.36
Li0.33Ag1Sn0.67O2,2.7
VIr,0.0
Ba2ScTaO6,4.19
Ho4C7,0.0
NbOsPb,0.0
HfSiPt,0.0
Si0.347Ge0.653,1.91
Pm3I,0.0
RbSbSe2,1.62
TiOs3,0.0
Ho(CuSe)3,0.16
PmSnRh2,0.0
Cu2Te3O8,2.64
Ca5Sn4S13,0.0
Mg10B16Ir19,0.0
Pr4MgRu,0.0
CaAgF5,0.0
Zn0.8Hg0.2Se1,1.4
Ba3Er2(PS4)4,3.3
SmNi2B2C,0.0
Cd2InCuTe4,0.85
Li2In2SiSe6,2.54
Nb5Ga4,0.0
Li5Fe6(BO3)6,0.0
Rb2PS5,2.3
CoGe,0.0
NdInAu,0.0
Ge0.03Pb0.97Se0.97S0.03,0.28
Ce(CoB)4,0.0
AgGeO3,0.0
BaSi,0.0
TiFeH2,0.0
Zr7Sb4,0.0
Na2S,2.4
Hf5Sn3,0.0
Li4TiCr3O8,0.0
LiPm2Ir,0.0
Yb(IO3)3,0.0
ThTeO,1.45
Eu(MnGe)2,0.0
Na7.36Ga7.24Sn4.78Se24,1.5
U4S3,0.0
Ge0.1Pb0.9Se0.9S0.1,0.32
Ge5(Te4As)2,0.0
ZnCu2SnSe4,1.44
KUClO3,2.37
ZrInCu2,0.0
Ce(PPt2)2,0.0
Mn3PdN,0.0
Sn0.23Te1Pb0.77,0.04
YCuO2,3.5
CsF,10.0
Yb(Fe2Ge)2,0.0
Na10(Ga2Sn)3,0.0
ZrHg4(PCl3)2,3.22
K6Ta2.93Nb1.07S22,1.88
YbH2ClO2,0.0
Cd4P2Cl3,2.17
La2ZrS5,2.01
Ga0.9Hg0.1Sb0.9Te0.1,0.65
Li8Ti16CuS32,0.0
GaAgGe5Se12,2.14
Al0.1In0.9P1,1.5
Li4.5Fe0.5Te1O6,3.25
Li4Fe3NiO8,0.0
YbDyPd2,0.0
Li6FeO5F,0.0
Y3Ge4,0.0
Cd0.01Ga0.99Sb0.99Te0.01,0.72
Zr5Al3C,0.0
Tb2AlCo2,0.0
MnSi,0.6
KRbBi8Se13,0.64
CuNi(CN)4,2.7
LiHoO3,0.0
GeI2,1.5
K2Cd(PSe3)2,2.58
Pr2S3,2.6
BaEu2Mn2O7,0.0
TmMgCd2,0.0
Dy2Sn5,0.0
Li4.5Mn0.5Te1O6,1.97
Pd2N,0.0
Hg3C,0.0
Hg3As,0.0
SmC10,0.0
K2Cd2Te3,1.93
Ba2GaBiS5,2.38
K2Mn(SnSe3)2,2.0
BaSn2S5,2.35
TaBe2,0.0
TlTeP,0.3
Ce3MnAlS7,0.0
DyFeSi,0.0
Hf5Sb9,0.0
K2AgSnSe4,1.8
La(FeAs3)4,0.0
Li3Mn2(PO4)3,0.0
Sm2Tl,0.0
GePt2,0.0
Bi2Te1.5Se1.5,0.29
ZrSiTe,0.0
BaBSbS4,2.34
Te3MoWS,0.0
Cd0.03In0.97Te0.03As0.97,0.71
Nd2(SnSe3)3,0.5
CuSbPbS3,1.31
Ga1.005Sb0.995Te0.015,0.68
Li2Fe3SnO8,0.0
Cu4Sn7S16,0.8
Ba4Ga5AgS12,2.52
Bi0.04Te0.06Pb0.98Se0.98,0.28
Sn2SbS2I3,1.5
Lu5Si3B,0.0
In1Sb0.7As0.3,0.16
PrIr2,0.0
Ta2TiN3,0.0
CsYbCoSe3,0.95
U(CuP)2,0.0
Li13Ti22O48,0.0
Ba5V3O12F,3.85
LiSb3PbS6,1.6
LaIn2Ir,0.0
InSb2Se4Br,1.35
Pr2CdSn,0.0
Mg2SiPt,0.0
Ca2Sn2F3,0.0
Pr(MnSi)2,0.0
Ga2Se2O7,4.61
Hf5Pb,0.0
NdSb,0.0
VCu3(PO4)4,0.0
UHg3(TeCl3)2,2.6
SbPd3,0.0
Ce(InS2)3,1.11
Mn5Ge2,0.0
BeAlB,0.0
NaAlGeS4,3.6
Rb2VAgS4,1.83
Li4FeNi3O8,0.0
Cs1.13Cd1.13Bi2.87Se6,1.0
SrPb3Br8,3.2
YCdPd2,0.0
YCdPt2,0.0
VPO4,0.0
Cs2TeI6,1.5
TbIn2Ni,0.0
Mg2Ge,1.67
Li13Nb14ZnO42,0.0
SmPbAu,0.0
NiAsO3,0.0
As2S5,2.48
NaZr2TiF11,0.0
Bi2AsClO4,3.43
KNb3(SeO6)2,3.46
Gd3.04Sc0.96S6,1.5
Ga1.5Cu0.5Se2.5,1.76
K2Se,1.8
Tl2Cu2SnS4,1.4
Li0.5Ge1Pb1.75S4,1.95
CsPSe4,2.44
YbGeRh,0.0
Ba2GdGaSe5,1.87
Al13Ru4,0.0
KTeP2,1.4
RbBi2,0.0
RbCuPdF5,0.0
PmCd3,0.0
LaMg(FeO3)2,0.0
Sr(CeS2)2,0.0
Sr2La2Pt1O7.13,2.52
TlAgSe2,0.72
CaCdSi,0.0
Ga0.07Te1Pb0.93,0.34
UGeRh,0.0
NaEuO2,0.0
Ni2Mo4N,0.0
Li7(Mo3S4)4,0.0
Zr1.33Ta0.67N1.97O1.38,2.31
SrIn2Ir,0.0
BaMn4O7,0.0
Er(CrSi)2,0.0
Al4Cu2O7,0.0
ZnB12(H5O12)2,4.6
Pr(CoGe)2,0.0
InSnAsSe,0.26
NdGa2Ni,0.0
PrGe3,0.0
Sm2CuAs3O,0.0
Mg3Ge,0.0
Zr5SiSb3,0.0
Tm3(GePd)4,0.0
CdInCuSe3,1.66
SbTeRu,0.5
InAgTe2,0.93
K2VAgS4,1.85
Mg2GeB2Rh5,0.0
Cs(MoO3)3,0.0
Rb4Ti3S14,1.59
Yb2(ZnGe)3,0.0
Li2Ga2GeS6,3.65
GaCuO2,1.47
Sn0.2Te0.2Pb0.8Se0.8,0.14
Ba4Si3Se9Cl2,1.76
Fe3Si,0.0
Pr1Te1.9,1.0
KCu3S2,1.46
Zn0.25Ga0.75As0.75Se0.25,1.51
LiZrRh2,0.0
SnB,0.0
MnGaNi2,0.0
Pr5In11Ni6,0.0
CsScBr3,0.0
Li7Ca8Nb12O40,0.0
Ag2BBr,0.0
SmCuSO,2.9
AsPPt,0.4
Sc7CI12,0.0
Li6FeNi9O20,0.0
EuCuSeF,0.0
KAgO,0.0
K2Gd2Ti3O10,3.3
Li2In2GeS6,3.45
BePd3,0.0
AlV(TeO4)2,2.9
K2Dy2Ti3O10,3.38
HoC2,0.0
SnS2,2.43
SmAs2Au,0.0
LiCu2(CO3)2,0.0
Mg5Ti13O30,0.0
TiGaIr2,0.0
Cu2Hg2SF6,0.0
RbPPbO4,4.35
Ba2BiSbO6,0.0
Zn0.9Ga0.1P0.1Se0.9,2.3
Ba2SmGaSe5,2.27
Sr3Se3ClO8,4.4
Sr2YReO6,0.0
Ba4Ge3Se9Cl2,1.89
Cs2NaMgF6,0.0
K10Fe4Sn4S17,2.2
La6Sb4(SO4)3,2.6
Ca2ZnRh,0.0
LiPm2Al,0.0
Sc14Cu14O37,0.0
AgCNO,0.0
Er5Si3,0.0
Y(Re2Si)2,0.0
Rb15Hg16,0.0
MgTi4O6,0.0
Ti4NiBi2,0.0
NaCd2Au,0.0
Yb(SiAg)2,0.0
Cs2ZnGe3Te8,1.07
Ag2GeSe3,0.9
YbSn2Pd,0.0
TbB(SbO4)2,3.53
SrPbO3,1.78
Ga2HgS4,2.79
Ba2V2ZnO8,3.48
Nd(NiSn)2,0.0
In1Sb0.99As0.01,0.35
ZrSb,0.0
Li2MgIn,0.0
Dy(CuTe)3,0.34
CsCd4Ga5Se12,2.21
Te4Mo(WS)2,0.0
Sm3Sc,0.0
Tb(GeRh)2,0.0
K2Hg(PSe3)2,2.25
SmCuSi,0.0
LiPm2Si,0.0
Yb(Al2Mo)2,0.0
MnSe,2.5
Rb7Th2(P2Se7)3,2.07
ZrSbRu,0.0
Cr(MoS2)2,0.0
Mg3Al9FeSi5,0.0
V8O,0.0
HfTc,0.0
K4Al4Si19,1.4
FeP,0.0
Sn0.15Pb0.85Se1,0.13
TmMg2Sc,0.0
Zn0.99Hg0.01Se1,2.6
SrSiPd,0.0
SbPt3,0.0
Zn0.85Ga0.15As0.15Se0.85,2.25
K1.83Cd1.83Bi2.17S6,1.37
ZnSb2MoO7,3.3
In2HgSe4,0.6
Zn2BIr2,0.0
KPAu5S8,2.14
Al0.3In0.7P1,1.9
Li3Mn2CuO6,0.0
RbCu2AsS3,1.96
Ba(GaS2)2,4.13
AlBi,0.4
Pr(FeSi)2,0.0
Zr3Ag,0.0
Hf54Os17,0.0
SrCuBi,0.0
Rb2SCl6F,0.0
Li2Ga(GeSe3)2,2.64
K3Cr2(PS4)3,1.35
Tb3(MnC3)2,0.0
Ba2B4H2O9,5.12
EuCu2SnS4,1.85
Lu7(NiTe)2,0.0
SnO,3.0
W3O7F,0.0
K2Ho4Cu4S9,2.43
MnSnRu2,0.0
Zn2InCuTe4,1.05
CeTl3,0.0
Zr3(Cu2Si3)2,0.0
KY(TeO3)2,3.8
Li4.5Cr0.5Te1O6,1.79
Ba2NdGaS5,2.12
ScZn2,0.0
Sn0.17Te1Pb0.83,0.15
Yb(HO)3,0.0
BaGa4S7,3.54
Tl2TeS3,1.6
LiBi2(PO4)3,0.0
Cs1.43Cd1.43Bi2.57S6,1.28
Hf5Sb3,0.0
LiSnAu,0.0
Ti3SnC2,0.0
Ag2Mo(I2O7)2,3.06
CsIrO3,0.0
CrSi2,1.3
UFeSi,0.0
Te2Ru,0.25
V2(OF)3,0.0
PrAs,1.0
SiP2,1.89
La(SiOs)2,0.0
ScCdAg2,0.0
Rb3Sm,0.0
Ba8Sn4S15,2.31
Cd0.75In2.1Ag0.2Te4,0.54
Th6Mg23,0.0
LiInTe2,1.46
Li5Mn2Cu5O12,0.0
Tb2SbO2,0.0
EuSb4Te7,0.54
Ti2ReRu,0.0
Zn0.95Ga0.05P0.05Se0.95,2.4
InHg7S6Cl5,2.54
Tl2InGaSe4,2.05
Ba2SnSe4,1.9
Ho3Pd2,0.0
SrIn2Rh,0.0
YbGa2Pd,0.0
KP(HO2)2,6.95
PrSbPt,0.0
Eu(SbSe2)2,0.95
Tb6PbSe10,0.0
SmB66,0.8
Ge3Sb,0.0
Ti2CuS4,0.0
Sc4Ge6Rh7,0.0
SrTlHg2,0.0
Al5Rh2,0.0
NaLa2TaO6,4.5
CsEuF3,0.0
GdB66,1.27
AlAgS2,3.13
Ga0.04Te1Pb0.96,0.37
BeS,4.17
ErSe2,1.07
TlN3,3.58
Re2W3C,0.0
Ba2CaReO6,0.0
CeAsSe,0.0
In0.001Te1Pb0.999,0.3
Tm2AlOs,0.0
RbCd(BO2)3,4.2
Ge0.05Pb0.95Se1,0.28
Er3SnC,0.0
KHg,0.0
VFeSb,0.46
CeO2,3.41
Cd0.3Hg0.7Te1,0.27
Tl2O3,2.25
TmSnRh,0.0
YCd4B3O10,3.78
MgMnO3,0.0
KYbSe2,0.0
SiB3,2.0
CaTaNO2,2.4
SmHg3,0.0
Sm2Te3,0.7
Nb5Ge3,0.0
K2BaNb2S11,1.77
Ca(SmS2)2,2.05
In1Sb0.1As0.9,0.14
NaIn(IO3)4,4.25
ErRu3,0.0
Cd13I28,0.0
Mg2Cu,0.0
LiGa(GeSe3)2,2.64
TmMnO3,0.0
Ce2CrN3,0.0
Cr4Cu3Te8,0.0
MgTl,0.0
Dy2MgTl,0.0
Al2(CuSe2)3,0.0
Cs2CrCl4,0.0
Sr2Co2O5,0.0
YbSb,1.0
U(CoGe)2,0.0
Sr(LaS2)2,2.85
Si0.162Ge0.838,1.32
Sr3Eu(PO4)3,3.99
ScGa2,0.0
VIn(NiO3)2,1.92
EuB(SbO4)2,3.46
Ta2PtSe7,0.0
LiMnSiO4,0.0
CsZrPSe6,2.0
Dy2S3,2.91
Cs6.4Na1.6Ga8Ge38,0.22
SnI4,2.38
Ga4SnSe7,2.55
Ni3SnN,0.0
LiAlRh2,0.0
YbNd3,0.0
Ag3AsO4,0.0
SrSnO3,4.1
Ga0.005Te1Pb0.995,0.37
LaAl4,0.0
LiCu3F7,0.0
Mg2GeSe4,2.02
U5Ge3,0.0
TlHg6Se4Br5,2.8
TmBPd3,0.0
DyRh,0.0
Zr0.67Ta1.33N3.03O0.12,1.71
NdTe2,0.48
Ga1As0.8P0.2,1.62
In0.99Ga0.01As0.01P0.99,1.3
LiHfPd2,0.0
Zn0.75Hg0.25Se1,1.4
In0.9Ga0.1As0.9P0.1,0.45
Tm(GeRu)2,0.0
InCuS2,1.5
Tm2CuTc,0.0
MnP2,0.0
Sr3Li4La5O12,0.0
ZrTe,0.0
TiCoSn,0.0
Ag(AuS)2,0.0
In0.8Ga0.2As0.8P0.2,0.85
Ga1.7Cu0.3S2.7,2.55
Li4Co2Ni3O10,0.0
Pb1Se0.99S0.01,0.26
TlSbSe2,0.82
YTi4(CuO4)3,0.0
Pb1Se0.9S0.1,0.27
CrCo2Bi,0.0
Sr(In4Rh)2,0.0
TbNi5,0.0
La2Ga0.33Sb1S5,1.76
CsB3O5,7.42
Li3FeTe4O11,1.98
MgSbPt,0.0
U2Ti,0.0
Ti5ZnO7,0.0
Nd(SiIr)2,0.0
Ni2PO5,0.0
Cu18S11,0.0
GdCd2,0.0
RbTmO3,0.0
RbEuO2,0.0
TlInGeS4,2.3
LiTa3(BiO3)4,3.5
Nd2O3,4.4
BaGe4(IrS3)2,1.54
Nb3VS6,0.0
BeTcSe,0.0
Al6Tc,0.0
LiSbTe2,0.13
In0.3Ga0.7As1,1.0
Sn0.06Te1Pb0.94,0.28
ZrTi2O,0.0
ThBi2,0.0
BaSi2,1.3
Be2HgTe,0.0
Ba5Ga6GeP12,1.39
P2Pd,0.65
MgRh2Pb,0.0
SmCdHg2,0.0
CdHg4(AsI2)2,1.45
Cd1Se0.35S0.65,2.13
Eu(GaS2)2,2.25
Zn(FeN)2,0.0
Dy2Te3,0.69
Ga8Cu3Mo2,0.0
Li3Mn(NiO3)2,0.0
LaReB,0.0
Bi2Te0.9Se2.1,0.28
Rb2Cd3Se4,2.37
CoAs3,0.4
Pr7Mn8O24,0.0
V2Zn3TeO10,2.96
Li4Co5SbO12,0.0
KNb2Se,0.0
ThSi2Ru3,0.0
Ca3(GaPt)2,0.0
TiV4CuO12,0.0
YNi4B,0.0
K2B10H9O,0.0
Sn0.001Pb0.999Se1,0.24
ReOsRu,0.0
Li2NdAs2,0.0
In2HgS4,2.0
YbCuGe,0.0
Co7Mo6,0.0
Cu6PbO8,0.0
EuRhO3,0.0
Fe6W6C,0.0
LiCuO2,0.0
Cu2O,2.58
TbZn2,0.0
SmS,2.3
Li3CrCo3O8,0.0
Ca2Ti9O13,0.0
Sm2TlZn,0.0
FeI2,5.15
Sn0.08Te0.08Pb0.92Se0.92,0.22
In2As2Cl2O5,4.62
Te0.01Pb1Se0.99,0.26
Gd2ZrS5,1.88
Na4Mg(SiSe3)2,2.85
Nb17Ir3S40,0.0
BaYbSn3,0.0
LiInAg2,0.0
La2Ga2GeS8,2.78
K2Sn(AuS2)2,2.75
Ga1.99Cu0.01Se2.99,1.99
MgAgAs,0.0
PrZn,0.0
Ba2SmTaO6,3.02
SmAu3,0.0
Pr2Te4O11,3.65
MnCoSi,0.0
Sr2TiO4,3.41
Rb2Te,4.5
FePS,0.25
Sn0.99Te1Pb0.01,0.26
DyInCu2,0.0
CeSiOs,0.0
ZrTiF6,0.0
Mn5O3F5,0.0
KNb2O5,0.0
TlInHgS3,1.74
Ba3NaIr2O9,0.0
ReSi2,0.12
Bi2O5,0.0
LaMg3,0.0
In0.3Ga0.7P1,2.2
AlFe4(CuO4)3,0.0
PrSmO2,0.0
DySiIr,0.0
SmErMg2,0.0
Nb3(Fe10B3)2,0.0
CsRb(PSe4)2,2.41
SmSb,0.59
MoSe2,1.6
Rb3(Cu4S3)2,0.0
Bi1.4Sb0.6Te3,0.17
Sm2O3,5.0
CsSb(SO4)2,4.68
Gd6Ge2.5S14,2.2
Ba3Ag2(SnS4)2,2.37
In1Hg4As2.5Br3.5,1.71
Cu5(Si2O7)2,0.0
Dy(CuSi)2,0.0
Ga1.65Cu0.35Se2.65,1.81
CeAlO3,0.0
CsPPbO4,4.39
KCu2BiS3,1.29
Mg3N2,2.8
Ag7AsSe6,1.0
CsH3(SeO3)2,4.77
HoTiO3,0.0
Cr2O3,3.4
Ca2MnAlO5,0.0
ThS,0.0
Pm2IrRh,0.0
In1Sb0.3As0.7,0.11
GePb2(SeO3)4,4.1
ThRh2,0.0
Ga1Sb0.35As0.65,0.68
Cs4Ag9(SbS3)4,2.0
Hf3(NiGe)4,0.0
Re5(NiAs6)2,0.0
Ti2CoS4,0.0
TbZrSb,0.0
EuSn3,0.0
LuHfRu2,0.0
Eu(InS2)2,1.5
Li3Co(NiO2)4,0.0
Th(Al2Fe)4,0.0
BaZn(MoO2)4,0.0
Er(ReO4)2,0.0
Ce3NbS3O4,0.0
RbAg2SbS4,2.3
Eu2ReO5,0.0
Zn2SnN2,0.0
Ca11Ga7,0.0
RbCuSnS3,1.44
RbCd4Ga5Te12,1.64
Zn0.94Hg0.06Te1,2.03
Cd0.04In0.96Te0.04As0.96,0.69
Si2Ni6B,0.0
Dy6FeTe2,0.0
BeGaRh2,0.0
Hf2Hg,0.0
Gd(NiGe)2,0.0
Rb1.45Sb7.45Pb3.1Se15,0.45
Yb(AlGa)2,0.0
Dy5Pb3,0.0
LaV,0.0
Rb3Tm,0.0
Y(TiGa2)2,0.0
Nd(CoGe)2,0.0
CsYHgSe3,2.54
LiCa2In,0.0
Rb2Cu2SnS4,2.08
Ba3Tb2(PS4)4,3.37
LiBePt2,0.0
Ba3Cd(SnS4)2,2.75
La1Se0.14S1.86,2.5
TiBr2,0.0
Rb4Ag9(SbS3)4,2.0
TaPd3,0.0
Li2MnO2F,0.0
ThCrB4,0.0
Ca2TlCd,0.0
Na2Ti3O7,3.51
Zr6Al2Ni,0.0
CdCl2,5.7
YbZnPt,0.0
Sm4MgRh,0.0
Be2W,0.0
RbBa2(PO3)5,7.6
LiLu2Ru,0.0
Gd(CuTe)3,0.52
Bi2Pd3S2,0.0
Ba2GaSbSe5,2.51
BaV2SeO8,2.13
Ce2Fe(SeO)2,0.64
K3Hg,0.0
BaHgS2,1.93
LuScRh2,0.0
Nb3CuO8,1.47
EuScO3,0.0
MnNbO4,0.0
MgSiN2,4.05
SrCrO4,2.45
NdTlAg2,0.0
Ca2Bi2O5,3.34
TlAsSe2,1.35
Eu(BiTe2)2,0.44
TbYHg2,0.0
YbWClO4,4.23
Sr4Te3(ClO2)4,4.0
Ta4AlC3,0.0
CsCdInSe3,2.4
ZrB2,0.0
Sr(GaAu)2,0.0
KSnAuSe3,2.28
FeAg3(CN)6,0.0
CeZnPO,0.0
Li3(CoO2)4,0.0
Na3Sn2ClF6,3.88
Tm5(Ge5Rh2)2,0.0
U2SnRh2,0.0
Tc3Pd,0.0
Cs3Bi2Br9,2.5
Ge0.01Te1Pb0.99,0.32
CsMg149,0.0
Ca6Ag16N,0.0
KCuSnS3,1.47
CsAg5Te3,0.65
SbSBr,2.17
SiSe2,1.72
DyZrSb,0.0
Na2Ge2Se5,2.38
RbV(CuS2)2,1.45
La2YbCuSe5,1.15
Si2Ru,0.0
Sr8Fe3N8,0.0
Ni2Ge,0.0
ReCl4,0.0
Ba(InSe2)2,2.63
Zn(Bi19O29)2,2.88
TbSe2,0.0
CaVO2,0.0
BaCu2SnSe4,0.48
YbPr2CuS5,1.25
Ta2Mn3O8,1.89
Y2Ge2O7,0.0
Ho(SiRu)2,0.0
Ni3S4,0.0
K3Ta2AsS11,2.21
Ho2Au,0.0
RbU2SbS8,0.0
PrAgAs2,0.0
Li2CrCo3O8,0.0
Sr(YbS2)2,0.0
HoSi,0.0
U4N7,0.0
KEuS2,0.0
Si0.999Ge0.001,1.09
SmCuSeO,2.6
Dy12C6I17,0.0
In1Sb0.01As0.99,0.17
Hf3Zn3N,0.0
Ir0.67Se2,0.45
Ga1.85Cu0.15Se2.85,1.92
Tb(CoB)2,0.0
DyB2Rh2C,0.0
Li(CuO)3,0.0
Ba2LaIrO6,0.0
Cs5Mo21Se23,0.0
K2Ta15O32,0.33
CeCdAu2,0.0
Th2GeSe2,1.98
K3(FeS2)2,0.0
Mn0.1Te1Pb0.9,0.49
LiTi11O20,0.0
Mn7O7F,0.0
CrBi2I2O11,2.4
Mg2Zr14O5,0.0
Al0.8Ga0.2P1,2.43
Li2V2F7,0.0
Li15Mn2O12,0.0
Lu2AlTc,0.0
KGaSe2,2.6
GdPbAu,0.0
Zn0.9Ga0.1As0.1Se0.9,2.34
La3In1Ge0.5S7,2.61
K8N3O,0.0
CsSc(SeO3)2,5.2
ZrO2,4.99
Al9Rh2,0.0
LiGaPd2,0.0
Pr2Au,0.0
Zr3Hg,0.0
NaTa3,0.0
SmMg3,0.0
CsAg2TeS6,2.04
Rb2Sn3(SbS5)2,2.33
Eu3As2,0.6
CeIr5,0.0
Ba2YGaSe5,2.31
Na5Fe6(SiO3)12,0.0
Sc3(ReSi2)2,0.0
NaGaGe3Se8,2.35
ZrHg4(AsCl3)2,2.48
RbH2(IO3)3,4.07
RbZrPSe6,2.0
AgBi(PSe3)2,1.4
Ba4Si20Au3,0.0
OsS2,2.0
CrPbO4,2.25
CsGe5BO12,4.89
CdCu2SnSe4,0.96
GdTe,1.3
ErCuPb,0.0
ErLu3,0.0
K2Sm2Ti3O10,3.26
Ba2ZnSe3,2.75
Li4Cr3NiO8,0.0
Nd4MgRu,0.0
Nd2Te3,1.12
Yb2EuS4,1.6
Li3Mn3NiO8,0.0
GdZnIn,0.0
RbCd4Ga5Se12,2.19
Er5Bi3,0.0
TlCr5Se7S,0.71
TiTe2,1.0
TeWCl9,0.0
Tm2Ga10Os3,0.0
Li2FeSnS4,1.86
LiLu2Pd,0.0
Ce3MoO7,2.0
Ho(BC)2,0.0
DyAgHg2,0.0
Ni4(BiO2)9,0.0
KAg2AsS3,2.25
Ga1.01Sb0.99Se0.03,0.62
Rb2Cd3Te4,2.3
ZrW2,0.0
CrH9(CN2)3,0.0
ZnAs,0.9
TeSe,1.58
AgBiPbSe3,0.13
KInS2,3.0
Bi2Te3,0.25
CsSbTe2,0.43
Ce2Co5B2,0.0
Lu2CdAg,0.0
Li2MnCo3O8,0.0
In5AgTe8,0.47
Ba2TbIrO6,0.0
Sn2WO5,2.6
KBiS2,0.86
TmSb,0.0
Co5Ge7,0.0
KC60,0.0
RhS3,1.5
NdScGe,0.0
LiCo(CO3)2,0.0
MnSbRh2,0.0
TlTe,0.0
LaCuSO,3.1
Ga1.8Cu0.2S2.8,2.65
CuBiSO,1.07
Eu3BWO9,0.0
KAg2,0.0
La2Fe2I,0.0
Ga3SiAg3Se8,2.3
LiTmSn,0.0
CsK(PSe4)2,2.36
In2Co,0.0
LiZn2GaO4,4.0
Tb11S16,0.0
NdCu3(RuO3)4,0.0
Rb3Mn,0.0
Li5Mn3(FeO5)2,0.0
Zn2Ni9O13,0.0
NiCO4,0.0
Sm2IO2,0.0
TiHgO3,0.0
PPdS,1.38
CuSeO3,0.0
Yb3Tc,0.0
Hf(CoSi)2,0.0
ScIr,0.0
KLiCO3,6.32
Nb2Sb,0.0
LiSiPd2,0.0
CrO3,1.4
Mg2PdAu,0.0
KTi2F7,6.4
HgS,2.1
Ag3RuO4,0.0
HfHg4(AsCl3)2,2.47
BaNa2GeSe4,2.25
CrNiAs,0.0
Zn0.55Hg0.45Se1,0.8
Fe(PdSe)2,0.0
TiI,0.0
Al6Ru,0.0
Pr6Fe13Si,0.0
TiPd,0.0
DyInAu,0.0
SrUS2,0.0
K4C2O3,0.0
SrLaMn2O6,0.0
Zn3N2,0.0
AgAu3,0.0
CaMgSn,0.0
Gd2Se3,2.2
Y(SiRh)2,0.0
TePd,0.0
SrNi5As3,0.0
Ni3Pt,0.0
Cu2WSe4,1.65
HoSb2,0.0
Ba3(AlGe)2,0.0
EuN,1.25
Hf3Sb,0.0
Ti2ReRh,0.0
Al2Cu,0.0
Al0.4Cd0.6Sb0.4Te0.6,1.8
CsInSnS4,2.9
Sm5Br11,0.0
Dy3Ga,0.0
Ba5Sb3,0.0
ScCuO2,3.3
CsGdO3,0.0
KCoO2,0.0
LuSi2Ni,0.0
InAgO2,4.2
Nd2ZnGa,0.0
YScO2,0.0
CI4,2.26
CeAl2Pt3,0.0
Ba2NdInSe5,2.2
U2MnN3,0.0
AlCoO3,0.0
Yb(GaS2)2,2.3
Cr2HgSe4,0.0
Cd6P7,0.85
Li2SiHgS4,2.68
CaEuO2,0.0
HgTe,0.15
Nd(Re2Si)2,0.0
VAg2I3O11,2.16
Ti2TcPd,0.0
Pr10Se14O,1.89
RuS2,1.8
Bi3BTeO9,2.6
Sm3(Sb7Te12)2,0.0
Y2Mo2O7,0.0
In1.3Cu0.7Se2.3,1.1
Te2MoWS2,0.0
Sn0.2Te1Pb0.8,0.08
B2Se2O7,4.64
Ge0.01Pb0.99Se1,0.27
RhSeS,0.7
CaNi5,0.0
HfTl3,0.0
BeO,10.39
RbUAgS3,0.0
YbNd2CuS5,1.35
Te2Os,0.3
Lu2Al3Co,0.0
Ni2Te3O8,3.84
Si0.0645Ge0.9355,1.04
Li6Mn5CoO12,0.0
UGa3Ni,0.0
Sm2AlCd,0.0
LaH2NO5,4.76
YSiRu,0.0
AgBiS2,0.9
BaLa2In2S7,1.87
TaAlPt,0.0
K9Bi13S24,1.4
Cs2Cd0.25Hg5.75S7,1.66
Sm(MnGe)2,0.0
Yb3Sn13Rh4,0.0
In1Ag1.75Sb5.75Se11,0.94
K10Zn4Ge4S17,3.34
Li8PrO6,0.0
LaSn3Ru,0.0
Ba2V2Te2O11,3.16
ScBe5,0.0
B3Pb3NO10,3.64
Ti6H2O13,3.4
YbPmPt2,0.0
Ti2Sb(PO4)3,0.0
CsTaPSe6,2.29
Co2O3,0.0
Ga1.005Sb0.995Se0.015,0.64
CaGaGe,0.0
EuSe,3.1
TbBRh3,0.0
Cs3PW3O13,3.27
RbTbSe2,2.5
SrIn2,0.0
V2TcRu,0.0
CsVP2S7,0.0
Y3Si3Pd2,0.0
BaGa2SiS6,3.75
Dy(InS2)3,1.22
Cs5P5Se12,2.17
Ga1As0.9P0.1,1.5
Ca4Al3O10,0.0
Ba5(GaSe4)2,2.51
U3Bi4,0.0
Yb2InPd2,0.0
Ti2BRh6,0.0
Ti2NiH,0.0
Lu2TlCu3Se5,2.12
Li2Si4Ni5O14,0.0
In0.4Ga0.6As1,0.81
Bi2CO5,3.42
Er2(Ga3Co)3,0.0
ZnAgF5,0.0
BaZnGeSe4,2.46
CsSmCdSe3,2.45
KBaAsSe3,2.26
VIr3,0.0
RbInGeS4,3.1
YTiO3,0.0
KSnAuS3,2.3
Rb3Al3Ge7S20,3.1
RuCl3,0.0
K2La2Ti3O10,3.05
Eu4Te7,0.31
Ba(FeS2)2,0.0
Ba2UCuO6,0.0
Ca(BIr)2,0.0
LiF,11.7
RbInS2,3.3
Sm2Cu4Sn5,0.0
NaSm(PS3)2,2.54
Y2U3O11,0.0
TlPSe2,0.5
Zn0.5Ga0.5P0.5Se0.5,2.13
B2O3,4.89
La4Co3O10,0.0
H7Se2NO6,4.81
SbSeBr,1.84
Nb3B2,0.0
Ho3GaC,0.0
Y6Zn(SiS7)2,2.38
Eu2O3,4.5
La(PRu)2,0.0
CsGdZnTe3,2.13
HfCo3B2,0.0
Zn5.5Ga1Sn0.5O8,2.99
Co3H,0.0
LiZnN,1.91
In2Cu1S3.5,1.43
Ba4Yb(CuO3)3,0.0
KUCuSe3,0.0
Nb3Os,0.0
Li4Mn3Cr3O12,0.0
Sr2Li2Nb3O10,0.0
Ba3Nb2CoO9,0.0
Sb2XeF14,0.0
Sc2(PO4)3,0.0
Zr3Al2,0.0
Ca3Cu2(ClO2)2,0.0
Cd1Se0.99S0.01,1.68
NaYb(PS3)2,1.85
Na2Zn(GeSe3)2,2.36
La(Ni2B)6,0.0
BSe2Cl,0.0
ThAsSe,0.0
In9AgTe14,1.5
Yb2O3,5.22
Zr4Co4Ge7,0.0
Sc5NCl8,0.0
Ca(BC)2,0.0
Li3Mn2(CoO4)2,0.0
Li4Mn5Cu3O16,0.0
SrTh(PS4)2,3.02
LiMg2Ag,0.0
CaB6,4.5
PmGaAu2,0.0
Th2Fe7,0.0
Al0.05Cd0.95Sb0.05Te0.95,1.37
Cd0.05In0.95Te0.05As0.95,0.68
Eu2Ga2GeS7,2.3
FeAgSe2,0.23
Ca5(Bi7O13)2,2.6
Ca(PrS2)2,2.9
Ce2(SnSe3)3,0.3
Ba2Cd(BO2)6,4.59
SmSi3Pt5,0.0
CdAuO2,0.0
LiV3O4,0.0
GeO2,5.54
U2Re2C3,0.0
In2Hg6(P2Cl3)3,3.13
TiAsRh,0.0
Tl0.001Te1Pb0.999,0.3
SnTe,0.3
K4GeSe4,0.64
SmB(SbO4)2,3.54
Mg3Bi2,0.0
Hg5AsS2I3,1.57
TmAs,1.18
AsPRu,0.8
Bi2Te2.1Se0.9,0.29
Tl2Mo7O22,0.0
TmThRu2,0.0
CuPS3,2.2
Te4MoW3S4,0.0
Rb2Mo9Se10,0.0
Li6Fe3Co7O20,0.0
Y4C7,0.0
ZnCu3P3O13,0.0
RbMnTe2,0.0
Li0.33Ti0.67Ag1O2,2.7
MgCo2(PO5)2,0.0
Na2In5Au6,0.0
Mg3(MnAl9)2,0.0
DyCd2,0.0
PrGaAu2,0.0
Er2Fe14B,0.0
Rb5B(SO4)4,3.99
PrGe5,0.0
Ca(AlZn)2,0.0
GaBi,0.1
CdCu2GeS4,2.05
HfFe2,0.0
CaIn2Ir,0.0
CsCu(SbS2)2,1.7
Ga1.002Sb0.998Te0.006,0.7
Rh2S3,0.8
ZnSiAs2,2.12
Lu3InN,0.0
DyBiPd,0.0
Cs2MgGe3Se8,2.04
Ag7AsS6,1.0
La2Fe(SeO)2,0.7
Rb2Zn3(SeO3)4,4.9
KSc(SeO3)2,5.4
Na2Zn3(SeO3)4,4.9
Yb2Ce8O19,0.0
CaSnO3,4.4
Fe9Co7,0.0
ThAl,0.0
Ga1.001Sb0.999Te0.003,0.72
HoCd3,0.0
Sb5IO7,1.95
Li4Mn(WO4)3,0.0
Ge40Te5.3I8,0.8
Er(SiPd)2,0.0
La2Mn(SeO)2,1.6
Pt0.97S2,0.95
SbPbBrO2,2.67
KZrPSe6,2.0
UAu2,0.0
YbAgGe,0.0
Dy3MnB7,0.0
TlCoMo2,0.0
ReF6,0.0
Ba(PdO2)2,0.0
Li3Cr3(CuO6)2,0.0
Ba2YInSe5,2.31
LiMgN,3.2
MnInCu2,0.0
CsGeB3O7,5.76
CuBS2,3.61
LiGaAg2,0.0
La4Fe(SbS5)2,1.0
MgPt5,0.0
AlIr,0.0
NaZrCuTe3,0.0
U2AlCo2,0.0
La2CuO4,0.0
RbGe3,0.0
Cs3Sb,1.6
In(MoSe)3,0.0
TlCr5S8,1.01
Cs2Cd2Bi2S5,1.7
Hf2Si,0.0
Nd3AlC,0.0
Ca3Sn2S7,0.0
NiS2,0.64
Sb6Pb4Se13,0.65
Ba3NaIrO6,0.0
Tm(CoSi)2,0.0
Tm(NiGe)2,0.0
CdPd,0.0
Cd0.2Ga0.8Sb0.8Te0.2,0.8
Rb2TeI6,1.4
CaTi4O8,0.0
NdTlPd,0.0
Ge0.1Te1Pb0.9,0.35
TcS2,1.0
Sn2BiSI5,1.32
Tm2ZnGa,0.0
Yb(Ga4Co)2,0.0
Tb(AlC)3,0.0
Bi0.6Sb1.4Te3,0.2
Sm2Sc3,2.3
CrNiP2O9,0.0
ZrGe2,0.0
Li4Ni3BiO8,0.0
VFeRu2,0.0
AlCu3,0.0
Ce(SiAu)2,0.0
Sm1.82Lu2.18Se6,1.51
Cd3Bi2,0.2
Zn0.75Cd0.25Se1,3.2
Sr2GeN2,0.0
NaIrPb,0.0
PrInAu2,0.0
Li3V12O29,0.0
CsInSe2,2.81
La3ZrSb5,0.0
Cs2Cu2Sb2S5,1.6
Nb6Co7,0.0
Pr2GeSe5,1.8
Mn2GeS4,0.0
Ag7(SI)2,0.0
SmCuO3,0.0
Ba2CoWO6,0.0
NdCrGe3,0.0
Dy2Ni12P7,0.0
CsTb9(Cd2Se9)2,1.95
PrCo4B,0.0
Cd0.5Hg0.5Se1,0.8
Cs3NaZn2Ge21,0.3
Cs2SeClF6,0.0
MgInAg2,0.0
Li2MnGeS4,3.06
UCuP2,0.0
